1 0.18225039619651334 0.723454833597464 0.11727416798732165 0.09244585314315856
1 0.45245641838351824 0.7414157422081353 0.10142630744849444 0.07448494453248813
1 0.522187004754358 0.8085050184891702 0.04120443740095068 0.04173269941891172
1 0.4477020602218698 0.6568938193343884 0.09033280507131508 0.08927628103539327
1 0.5606180665610141 0.6024828314844163 0.08637083993660856 0.054410987849973586
1 0.48137876386687783 0.5842577918647648 0.059429477020602216 0.042260961436872704
1 0.46038034865293176 0.5464870575805602 0.09825673534072882 0.030110935023771906
1 0.5427892234548337 0.531959852086635 0.08716323296354993 0.06973058637083994
1 0.43343898573692546 0.49022715266772315 0.1045958795562599 0.07606973058637086
1 0.5804278922345483 0.4907554146856841 0.09429477020602219 0.08874801901743265
1 0.6874009508716322 0.4952456418383519 0.09904912836767038 0.10935023771790808
1 0.793581616481775 0.17036450079239301 0.08795562599049128 0.10301109350237718
1 0.5027733755942948 0.2374537770734284 0.11489698890649763 0.09984152139461172
1 0.39381933438985733 0.22451135763338617 0.08082408874801902 0.08557844690966719
1 0.3256735340729001 0.17247754886423666 0.053882725832012694 0.06075013206550449
1 0.37836767036450075 0.10380348652931853 0.11172741679873217 0.09033280507131539
1 0.40174326465927096 0.01452720549392499 0.061806656101426306 0.026941362916006347
