1 0.7257300710339384 0.8946117274167987 0.037095501183898975 0.04807184363444268
1 0.7726913970007891 0.9313259376650818 0.031570639305445944 0.04543053354463814
1 0.8042620363062354 0.9477020602218701 0.03788476716653513 0.036978341257263604
1 0.4258089976322021 0.65689381933439 0.056037884767166535 0.05335446381405177
1 0.33662194159431735 0.6038034865293185 0.04972375690607735 0.05705229793977813
1 0.3855564325177585 0.6148969889064976 0.043409629044988164 0.06339144215530904
1 0.6791633780584055 0.5784469096671949 0.03235990528808209 0.06550449022715267
1 0.522099447513812 0.3726888536714209 0.0655090765588003 0.04595879556259905
1 0.30623520126282555 0.06127839408346542 0.04577742699289661 0.04648705758055997
1 0.5063141278610893 0.09561542525092445 0.056037884767166535 0.05282620179609086
1 0.5990528808208366 0.41838351822503966 0.0473559589581689 0.058108821975699956
1 0.654696132596685 0.4318541996830428 0.052880820836621927 0.05652403592181722
1 0.7553275453827939 0.49815108293713684 0.04262036306235202 0.06550449022715267
1 0.7529597474348856 0.3866877971473851 0.05209155485398579 0.04965662968832541
1 0.7636148382004735 0.43660855784469094 0.05761641673243883 0.03645007923930269
