1 0.4084507042253522 0.9902271526677233 0.03943661971830986 0.01954569466455362
1 0.5559859154929576 0.9865293185419969 0.03450704225352112 0.026941362916006347
1 0.47781690140845073 0.9532488114104596 0.02887323943661972 0.04490227152667723
1 0.5109154929577465 0.9601162176439515 0.040140845070422676 0.0512414157422085
1 0.49471830985915494 0.904648705758056 0.04718309859154931 0.050184891706286316
1 0.6190140845070422 0.9445324881141046 0.036619718309859155 0.04754358161648178
1 0.6468309859154929 0.9191759112519811 0.04577464788732396 0.048600105652403594
1 0.6637323943661972 0.8597464342313786 0.04295774647887324 0.05124141574220813
1 0.5573943661971831 0.8314844162704702 0.03591549295774648 0.05282620179609086
1 0.5915492957746479 0.7937136819862651 0.04647887323943662 0.05652403592181722
1 0.5454225352112676 0.7725832012678288 0.033098591549295765 0.05124141574220813
1 0.6183098591549296 0.7266244057052299 0.04225352112676056 0.04173269941891178
1 0.6862676056338027 0.7374537770734286 0.03169014084507042 0.05705229793977813
1 0.6887323943661973 0.6645536185948228 0.029577464788732397 0.04543053354463814
1 0.702112676056338 0.6069730586370838 0.03380281690140845 0.053882725832012694
1 0.2746478873239437 0.7480190174326465 0.029577464788732397 0.016904384574749076
1 0.47218309859154944 0.7482831484416265 0.03732394366197216 0.042789223454833596
1 0.48556338028169016 0.6904384574749075 0.03169014084507042 0.044374009508716325
1 0.8598591549295774 0.5958795562599047 0.0323943661971831 0.04754358161648178
1 0.8714788732394361 0.6362916006339135 0.024647887323944285 0.03961965134706811
1 0.8989436619718311 0.6368198626518753 0.024647887323943657 0.04701531959852087
1 0.9250000000000003 0.6053882725832004 0.02887323943662035 0.03592181722134176
1 0.9830985915492958 0.5282620179609085 0.025352112676056346 0.0433174854727945
1 0.3774647887323944 0.72662440570523 0.029577464788732494 0.032223983095615555
1 0.5475352112676056 0.6634970945589012 0.027464788732394375 0.04120443740095087
1 0.5950704225352113 0.6701003697834125 0.04225352112676056 0.05124141574220813
1 0.2866197183098592 0.7208135235076599 0.03098591549295778 0.033280507131537254
1 0.2637323943661972 0.7036450079239303 0.026056338028169014 0.030639197041732708
1 0.35105633802816905 0.6983623877443214 0.024647887323943657 0.030639197041732708
1 0.6676056338028169 0.36476492340200733 0.04084507042253521 0.05229793977812995
1 0.529225352112676 0.6365557316428948 0.06408450704225352 0.032752245113576335
1 0.4225352112676056 0.6928156365557316 0.022535211267605635 0.024828314844162706
1 0.32676056338028175 0.6991547807712628 0.02676056338028169 0.032223983095615416
1 0.2971830985915493 0.6835710512414158 0.029577464788732397 0.02535657686212361
1 0.6838028169014084 0.17828843106180664 0.038028169014084505 0.06497622820919176
1 0.9161971830985915 0.13549920760697304 0.030985915492957747 0.06286318013734812
1 0.6221830985915493 0.1328578975171685 0.03450704225352112 0.05124141574220813
1 0.43169014084507057 0.16059165346011622 0.04647887323943662 0.05071315372424722
1 0.5278169014084507 0.22556788166930797 0.033098591549295765 0.058108821975699956
1 0.5721830985915493 0.25462229265715797 0.04295774647887324 0.06339144215530904
1 0.5753521126760563 0.1928156365557316 0.04225352112676056 0.05916534601162177
1 0.6355633802816901 0.19043845747490756 0.04295774647887324 0.05758055995773904
1 0.4214788732394367 0.31405176967776016 0.03873239436619719 0.042789223454833596
1 0.27464788732394363 0.03328050713153725 0.036619718309859155 0.03803486529318543
1 0.26091549295774646 0.05573164289487586 0.03450704225352112 0.03328050713153724
1 0.4598591549295776 0.384838880084522 0.02816901408450705 0.042789223454833596
1 0.46901408450704224 0.4352879027997887 0.03380281690140845 0.04648705758055997
1 0.42922535211267615 0.37268885367142096 0.03169014084507042 0.043845747490755406
1 0.408450704225352 0.3996302165874274 0.04366197183098591 0.042789223454833596
1 0.30633802816901406 0.46249339672477546 0.025352112676056346 0.032223983095615416
1 0.3538732394366197 0.2910723718964607 0.02887323943661972 0.03169572107765452
1 0.38063380281690146 0.46724775488642367 0.033098591549295765 0.04067617538298995
1 0.40316901408450706 0.45351294241944 0.02887323943661972 0.043845747490755406
1 0.43204225352112685 0.4656629688325409 0.03450704225352112 0.043845747490755406
1 0.4707746478873239 0.5264131008980454 0.03732394366197183 0.04701531959852087
1 0.4119718309859155 0.5174326465927099 0.02676056338028169 0.04173269941891178
1 0.43908450704225344 0.5071315372424724 0.020422535211267606 0.03380876914949815
1 0.4387323943661972 0.5417326994189119 0.025352112676056332 0.03539355520338086
1 0.3095070422535211 0.526677231907026 0.020422535211267606 0.030639197041732708
1 0.34823943661971835 0.5359218172213418 0.021830985915492956 0.03328050713153724
1 0.34154929577464793 0.5686740623349179 0.02816901408450705 0.03433703116745906
1 0.3566901408450704 0.5834653988378236 0.024647887323943657 0.031167459059693606
1 0.39788732394366183 0.6674590596936081 0.02816901408450705 0.04067617538298995
1 0.40633802816901415 0.565768621236133 0.019718309859154844 0.034865293185420206
1 0.5056338028169014 0.5879556259904912 0.035211267605633804 0.04754358161648178
1 0.45035211267605646 0.5784469096671949 0.024647887323943657 0.032752245113576335
1 0.28943661971830975 0.5816164817749605 0.023943661971830857 0.03486529318542032
1 0.4239436619718311 0.6172741679873217 0.02112676056338028 0.026941362916006347
1 0.4257042253521128 0.6405176967776016 0.024647887323943657 0.026941362916006347
1 0.4306338028169014 0.5861067089276282 0.026056338028169014 0.030110935023771792
1 0.42007042253521126 0.5768621236133122 0.024647887323943657 0.032752245113576335
1 0.29401408450704225 0.53486529318542 0.02323943661971831 0.032223983095615416
1 0.31830985915492965 0.624933967247755 0.009859154929577466 0.012678288431061805
1 0.3651408450704225 0.6281035393555203 0.02323943661971831 0.032752245113576335
1 0.26161971830985914 0.6521394611727419 0.021830985915492956 0.029054410987849978
1 0.31126760563380285 0.5832012678288431 0.016901408450704224 0.03169572107765452
1 0.3295774647887324 0.5887480190174327 0.016901408450704224 0.03539355520338087
1 0.28521126760563387 0.6162176439513998 0.015492957746478873 0.018489170628631802
1 0.2989436619718311 0.6312731114632859 0.019014084507042374 0.0327522451135761
1 0.31760563380281687 0.5422609614368717 0.01971830985915497 0.0396196513470681
1 0.26126760563380286 0.6735340729001585 0.030985915492957747 0.014791336502905442
1 0.470774647887324 0.5956154252509244 0.020422535211267606 0.042789223454833596
1 0.33767605633802816 0.6444796619123084 0.019014084507042252 0.036978341257263604
1 0.30739436619718313 0.6584786053882723 0.024647887323943657 0.01954569466455362
1 0.2890845070422536 0.66270470153196 0.021830985915492956 0.029054410987849978
1 0.28028169014084503 0.6428948758584258 0.01971830985915493 0.03380876914949815
1 0.4239436619718312 0.79688325409403 0.06478873239436647 0.18013734812466975
1 0.9098591549295775 0.7197569994717382 0.05211267605633803 0.08293713681986264
