1 0.5995493427411842 0.20159418428920012 0.017494026757865065 0.058682315223462754
1 0.5512325069337476 0.30959461549833905 0.014161831184938405 0.047445276138118796
1 0.5320723823894192 0.3857567692990034 0.017494026757864975 0.04994239593486196
1 0.46043017757149585 0.4912600807113992 0.022492320117254966 0.04120247664626113
1 0.4425196263670151 0.49812716015244285 0.018327075651096637 0.04994239593486196
1 0.5204096978841759 0.541826756595447 0.017494026757864975 0.044948156341375764
1 0.5745578759442342 0.5518152357824195 0.01582792897140155 0.044948156341375764
1 0.5345715290691142 0.4300806456911934 0.030822809049571704 0.03371111725603177
1 0.5358211024089617 0.5162312786788301 0.01999317343755997 0.05119095583323344
1 0.5662273870119173 0.4325777654879366 0.014161831184938405 0.048693836036490336
1 0.547483786914205 0.39636952843516154 0.016660977864633313 0.0511909558332335
1 0.5583134225262167 0.5461967162397474 0.02332536901048663 0.043699596443004224
1 0.5533151291668267 0.47690164188012646 0.018327075651096637 0.04245103654463267
1 0.5653943381186859 0.2921147769211374 0.01749402675786488 0.042451036544632614
1 0.5797615325167839 0.0824435462789809 0.02683267146077071 0.060324546057790925
1 0.5864697003819764 0.31670386680340235 0.016099602876462397 0.05831372785586457
1 0.5529288610560132 0.5137640505921859 0.021466137168616502 0.030162273028895424
