1 0.35967302452316074 0.23 0.12534059945504086 0.10727272727272727
1 0.24795640326975474 0.5718181818181818 0.10899182561307899 0.07454545454545454
1 0.32833787465940056 0.4818181818181818 0.1335149863760218 0.10909090909090909
1 0.5613079019073569 0.3527272727272727 0.1471389645776567 0.08363636363636363
1 0.7057220708446867 0.40363636363636357 0.08719346049046321 0.08363636363636363
1 0.5844686648501363 0.43272727272727274 0.11716621253405995 0.061818181818181814
1 0.5722070844686649 0.5236363636363636 0.12534059945504086 0.09818181818181819
1 0.08446866485013624 0.8545454545454545 0.16893732970027248 0.05090909090909091
1 0.20980926430517713 0.8427272727272727 0.11989100817438691 0.06727272727272728
1 0.6416893732970028 0.7645454545454545 0.07356948228882836 0.07090909090909091
1 0.712534059945504 0.7972727272727272 0.05722070844686648 0.056363636363636366
1 0.7547683923705722 0.7 0.08719346049046321 0.06909090909090909
1 0.6553133514986377 0.6927272727272729 0.08991825613079019 0.08363636363636363
1 0.7534059945504087 0.629090909090909 0.11716621253405995 0.04
1 0.653950953678474 0.6136363636363635 0.08719346049046321 0.06727272727272728
1 0.7615803814713895 0.5490909090909092 0.09536784741144415 0.05454545454545454
1 0.7765667574931879 0.43999999999999995 0.09264305177111715 0.05818181818181818
