1 0.05147419395832701 0.03431612930555117 0.0681043181602481 0.060185211397428225
1 0.2486599523525336 0.01953379668162154 0.044346997871789445 0.03906759336324308
1 0.5384992598717218 0.05490580688888173 0.09502928115383295 0.09080575754699659
1 0.6602176079077892 0.09723393196203806 0.15411216475582165 0.15598831284850162
1 0.6636211467242776 0.010030868566238088 0.0475146405769173 0.0031676427051278177
1 0.6984652164806836 0.021117618034185447 0.06968813951281191 0.042235236068370895
1 0.7958702296633641 0.05807344959400997 0.061769032749992375 0.09714104295725305
1 0.8378414955063076 0.06493667545512025 0.04117935516666158 0.1298733509102405
1 0.6382800050832536 0.20853647808758022 0.0633528541025536 0.07707930582477657
1 0.4618869983693081 0.06643726651291343 0.0967451642453237 0.10724733217001266
1 0.4047729646514713 0.08911693636625927 0.10661070902584228 0.11486228615484392
1 0.8489282449742549 0.32468337727560126 0.08235871033332316 0.10875573287605507
1 0.7858530262399467 0.3750562822731263 0.11809500431974997 0.127497897110473
1 0.08790208506729691 0.1636615397649372 0.06176903274999244 0.10981161377776431
1 0.33654252009263297 0.1315901427845477 0.10718406916955178 0.10665823750773822
1 0.2882554861666313 0.20008943087390713 0.06652049680768414 0.08763811484186956
1 0.6034359353268492 0.2676658085833005 0.0665204968076841 0.07919106762819544
1 0.48702506591340167 0.3415774717029489 0.08394253168588703 0.09608516205554368
1 0.5749271509806988 0.42340824158541823 0.07919106762819546 0.06757637770939343
1 0.18213945554484948 0.17738799148715778 0.044346997871789445 0.08235871033332323
1 0.22411072138779303 0.1926982645619422 0.05543374733973679 0.11297925648289214
1 0.1544225818749811 0.20378501402988955 0.06493667545512025 0.0760234249230676
1 0.1021564772403721 0.2776966771495386 0.06493667545512025 0.08235871033332325
1 0.20748059718587203 0.28033637940381184 0.06335285410255635 0.07919106762819544
1 0.327851019980729 0.41126561121576155 0.0760234249230676 0.08763811484186965
1 0.4030825342275148 0.39965092129695956 0.04909846192948116 0.08552635303845109
1 0.46722729900635307 0.44399791916874903 0.06335285410255637 0.0834145912350325
1 0.7511491514505674 0.4281061688754393 0.1105277189673842 0.11216577132628075
1 0.5472102773108287 0.4973199047050667 0.07443960357050357 0.09714104295725408
1 0.1710915462384767 0.4991927950010707 0.10615104814675429 0.10149476742185498
1 0.10453220926921797 0.4783140484743004 0.07919106762819543 0.07179990131623051
1 0.25895479114419906 0.38539652912388433 0.0586013900448646 0.09502928115383448
1 0.5171396057946381 0.1629842725694821 0.08829685939444432 0.09840769832294859
1 0.541749635022061 0.20853192073509194 0.08445675233646924 0.09552196955162487
1 0.5515472223959036 0.2799160619059984 0.10895253318849506 0.1109203739792747
1 0.43396705060251084 0.22595851296578423 0.07602342492306763 0.08869399574357889
1 0.38170094596790194 0.29723047383116014 0.06968813951281196 0.08763811484186956
1 0.29063121819547716 0.2998701760854333 0.06810431816024803 0.09080575754699739
1 0.4309951096411393 0.1856322290959708 0.09377551960305099 0.09828319665167932
1 0.37356178284477254 0.16943762578108268 0.09871292502883051 0.1160595202797991
1 0.8622851250093271 0.4946927174198564 0.09373327283769683 0.1050868335132833
1 0.714351955895902 0.4574016801745907 0.08916876275173166 0.08970223766525606
1 0.8093641742074559 0.5188728761330093 0.08868316270168436 0.10021123605621
1 0.7071762339197779 0.5353316171665997 0.07127196086537443 0.09291751935041753
1 0.19547443288165162 0.38341861038918507 0.07380056932733257 0.09730188681273716
1 0.05747135112650812 0.3211403516865036 0.07584867207521155 0.10798134569625759
1 0.35015176234297657 0.2605535365281672 0.08873243321177768 0.09861273907927369
1 0.14143524678395658 0.36047773984354514 0.0617690327499923 0.08552635303845037
1 0.10460362782672322 0.3919359686223023 0.08182467431429717 0.09520234469437412
1 0.032468337727560116 0.37219801785251844 0.05226610463460897 0.09186163844870666
1 0.6335285410255633 0.7037446209892301 0.06652049680768418 0.08341459123503256
1 0.944274290398602 0.8009384579915683 0.052266104634609574 0.06345844219272773
1 0.6184822381762066 0.5838842042551435 0.059234918585890244 0.07549548447221296
1 0.7447919910431786 0.6373117778816328 0.060977122073710525 0.09872486430981706
1 0.7021080055915812 0.6477649988085544 0.07317254648845263 0.09407898834229624
1 0.8676173369345094 0.6164053360277891 0.05923491858589016 0.09640192632605657
1 0.8562930142636777 0.7110650588660254 0.06097712207371031 0.0975633953179368
1 0.8124766149814124 0.6621351087457039 0.08994464536594635 0.1078993358988393
1 0.7264885893652688 0.7367393935966742 0.11007657454577753 0.11210225814444869
1 0.4991412992605161 0.5879493457267243 0.08536797090319471 0.10220927128545763
1 0.4111478113206891 0.5336048941872747 0.1391702013311419 0.12565048368282972
1 0.3135966278076544 0.6175668050196694 0.07317254648845288 0.09640192632605714
1 0.43903527893071564 0.6895778825162417 0.09059458136665559 0.0847872364072546
1 0.6933969881524794 0.7975944987611004 0.06271932556153086 0.0847872364072546
1 0.4103236486432942 0.632538495340715 0.11373698477731012 0.12197606454807648
1 0.2325841656240101 0.5391676480677557 0.050523901146788716 0.07433401548033279
1 0.22430282701155846 0.6271820433128025 0.08535835125958716 0.10867457386263225
1 0.13047250620592532 0.5651437410442202 0.10310821881073202 0.10469211345998942
1 0.16376712785510822 0.7104843243700855 0.0662037325371714 0.07317254648845273
1 0.9590830200450753 0.6413769193532133 0.033101866268585606 0.07665695346409333
1 0.9346921712155914 0.638473246873513 0.026133052317304548 0.09407898834229624
1 0.9111724241300172 0.6227934154831303 0.020906441853843504 0.09524045733417635
1 0.4677816364797507 0.783656870858538 0.07491474997627297 0.09175605035853578
1 0.2902073808895284 0.6752275384866838 0.1321333526716049 0.09067175538267441
1 0.16685678330983628 0.6216936370086473 0.06689327243408853 0.09576235807398505
1 0.15592721215991692 0.7836568708585381 0.07839915695191357 0.0708496085046923
1 0.41028892138168105 0.7819146673707175 0.07491474997627325 0.09291751935041613
1 0.24216628480702176 0.8126935956555431 0.05923491858589021 0.07549548447221296
1 0.29306114545250167 0.7240464899487468 0.07887280874888158 0.08235694690744338
1 0.3344521901346988 0.7434878819619472 0.08055077848775685 0.09993047398069052
1 0.3381616969859202 0.7967814704667844 0.07317254648845263 0.07433401548033285
1 0.07157117573876243 0.7348395390202528 0.08340282212442922 0.1028181356444756
1 0.05598409557722431 0.5645643429748282 0.08200913460231235 0.09804782144335505
1 0.11062992147658908 0.6500879367923149 0.06446152904935112 0.07549548447221309
1 0.0568397850163114 0.6836314621868289 0.07999619535943504 0.08226535170297239
1 0.03099597200111876 0.6434171439904388 0.05223323555930531 0.07905988790039914
1 0.0762702673752455 0.6121982510012315 0.10644810142110654 0.08763105872753726
1 0.9275491369155278 0.8830981459672597 0.04982701975165989 0.06771364222661919
1 0.9505462229547557 0.8479637089628818 0.045994172078455915 0.035773244949910105
1 0.784775561088654 0.9380356292831914 0.059409138934672215 0.0626031786623427
1 0.7598620512128237 0.847963708962882 0.07090768195428619 0.07665695346409333
1 0.6317431163847541 0.8622499968630852 0.10046754731547267 0.10144724425594688
1 0.5404315219218571 0.8549905963637572 0.06899125811768388 0.08560026470157073
1 0.4302371513172231 0.8862921856949285 0.055576291261467584 0.053659867424865296
1 0.3864839791341009 0.8597544382967885 0.10777113806501476 0.10904530879275626
1 0.10444509909482699 0.8358263579977337 0.06707483428108155 0.04471655618738765
1 0.16825436581941886 0.8651769928163223 0.08335456142464595 0.09096106132651528
1 0.044825861439878364 0.8544051957019123 0.06981688632449842 0.10767034843240367
1 0.8978445674481916 0.9099280796796906 0.06324198660787685 0.06260317866234283
