1 0.5359897172236504 0.9682080924855492 0.06426735218508997 0.05202312138728324
1 0.47943444730077117 0.8776493256262043 0.05398457583547558 0.04431599229287091
1 0.5141388174807198 0.8053949903660887 0.056555269922879174 0.046242774566473986
1 0.5154241645244216 0.7023121387283239 0.05912596401028278 0.05202312138728324
1 0.5874035989717223 0.6300578034682082 0.05398457583547558 0.046242774566473986
1 0.49228791773778924 0.6454720616570327 0.04884318766066838 0.046242774566473986
1 0.5552699228791775 0.5799614643545279 0.04627249357326477 0.046242774566473986
1 0.4948586118251928 0.5606936416184971 0.04884318766066838 0.053949903660886325
1 0.512853470437018 0.47784200385356457 0.05912596401028278 0.04238921001926782
1 0.5231362467866324 0.3468208092485549 0.04884318766066838 0.050096339113680145
1 0.4768637532133676 0.2967244701348747 0.04884318766066838 0.050096339113680145
1 0.5 0.23217726396917146 0.05398457583547558 0.055876685934489405
1 0.46915167095115684 0.18497109826589597 0.05912596401028278 0.050096339113680145
1 0.4730077120822622 0.06936416184971099 0.04113110539845758 0.04238921001926782
1 0.47814910025706936 0.012524084778420036 0.03598971722365039 0.025048169556840073
