1 0.9301948051948054 0.4501216545012165 0.04870129870129871 0.072992700729927
1 0.8693181818181819 0.43430656934306566 0.040584415584415584 0.0705596107055961
1 0.739448051948052 0.36009732360097324 0.05032467532467533 0.043795620437956206
1 0.6298701298701299 0.2858880778588808 0.04220779220779221 0.05596107055961071
1 0.577922077922078 0.29805352798053525 0.045454545454545456 0.0462287104622871
1 0.5243506493506495 0.28223844282238447 0.051948051948051965 0.04379562043795611
1 0.4878246753246752 0.23600973236009737 0.040584415584415584 0.06326034063260341
1 0.25405844155844154 0.41970802919708045 0.056818181818181816 0.05109489051094891
1 0.3417207792207791 0.9708029197080288 0.04383116883116878 0.0389294403892948
1 0.2215909090909091 0.7457420924574208 0.024350649350649355 0.05596107055961071
