1 0.38520577937287975 0.918334921420836 0.03454019784235507 0.028740499757474152
1 0.39920856228194274 0.8584004646095178 0.03454019784235514 0.029441487556436993
1 0.4141448640516097 0.8846875070706223 0.027072046957521603 0.02733852415954857
1 0.45428617505759006 0.9081705983358755 0.0233379715151048 0.028039511958511412
1 0.4729565522696738 0.7557057520614697 0.03827427328477187 0.02733852415954857
1 0.46082080708181933 0.707688087832519 0.030806122399938338 0.036451365546064804
1 0.49302720777266384 0.7276662401029584 0.029872603539334137 0.02733852415954857
1 0.5112308255544457 0.6481041249206825 0.0420083487271886 0.036451365546064804
1 0.4958277643544764 0.6821020331703774 0.03360667898175087 0.021730621767846247
1 0.5004953586574975 0.70032771594341 0.03173964126054254 0.020328646169920764
1 0.48104591328029633 0.5920392960065883 0.04920353869718153 0.029763170857381015
1 0.5104313600022242 0.5340524286465185 0.05603736351623452 0.030789487093842355
1 0.6375405016366098 0.5473945397205168 0.0369026540228862 0.030789487093842355
1 0.6293399118537463 0.47247345445883376 0.03963618395050727 0.03489475203968803
1 0.6443743264556627 0.437065544300915 0.047836773733370974 0.02976317085738096
1 0.6012337571379454 0.3893859709036269 0.03820244750347007 0.04917696878628507
1 0.6376170404745833 0.3463561232156275 0.030925790836142473 0.03415067276825353
1 0.6903728013127087 0.36684652687657954 0.034564119169806305 0.042346834232634384
1 0.6639949208936463 0.40099719964483316 0.03638328333663809 0.03415067276825348
1 0.8495496659105005 0.2773717642237553 0.03638328333663823 0.027320538214602782
1 0.08641029792451556 0.9446759101154294 0.04547910417079768 0.028686565125332932
