1 0.40119859699304267 0.1665235540490265 0.06587205590776808 0.14210600825046604
1 0.4496774695993215 0.2359112533900744 0.044408127578270576 0.1743019007447123
1 0.4870543103110325 0.18206639870142122 0.03182582476442721 0.11768153808241719
1 0.43520341681728125 0.4956317534743391 0.09833963362586096 0.15340982845634304
1 0.33686378319142035 0.6047887467990447 0.06687095086558544 0.13177510905865364
1 0.4279918436847182 0.6844438500359921 0.05244780460045919 0.1062068043159298
1 0.41356869741959196 0.6106891248165964 0.07080453621061987 0.09637284095334374
1 0.4758504653826371 0.6136393138253724 0.07211573132563136 0.13374190173117095
1 0.58467965992859 0.5998717651177518 0.061626170405539506 0.13374190173117087
1 0.5341986480006479 0.6883774353810265 0.05769258506050504 0.09833963362586089
1 0.5440326113632341 0.616589502834148 0.08522768247574618 0.09637284095334374
1 0.5682897209909462 0.6834604536997334 0.03933585345034442 0.10424001164341258
