1 0.4484944532488113 0.7377179080824088 0.028526148969889073 0.020602218700475437
1 0.4742472266244057 0.7358689910195457 0.03248811410459588 0.019017432646592714
1 0.35895404120443736 0.4989434759640782 0.04120443740095087 0.042789223454833596
1 0.31259904912836767 0.407554146856841 0.02931854199683043 0.04701531959852087
1 0.30665610142630745 0.3235604860010565 0.03645007923930269 0.04173269941891178
1 0.503565768621236 0.6745905969360803 0.04992076069730586 0.029582673005810883
1 0.5665610142630745 0.6896460644479661 0.03961965134706815 0.03961965134706814
1 0.5142630744849445 0.5713153724247227 0.061806656101426306 0.042789223454833596
1 0.5249603803486529 0.6254622292657157 0.03565768621236133 0.036978341257263604
1 0.5574484944532488 0.6275752773375592 0.03724247226624405 0.04120443740095087
1 0.6224247226624405 0.5625990491283676 0.018225039619651346 0.032752245113576335
1 0.6525356576862125 0.38563127311146334 0.030903328050713153 0.04965662968832541
