1 0.7972323160265694 0.9156773511894976 0.15331390692818636 0.09198834415691172
1 0.9170088058142156 0.8032471527754949 0.15523033076478776 0.14820344336391503
1 0.6305034422421666 0.9552834438126125 0.1609796022745957 0.0894331123747753
1 0.5126433762911233 0.8160233116861764 0.0862390726471049 0.12009589376041269
1 0.5107269524545209 0.6767631795597404 0.0862390726471049 0.1354272844532313
1 0.8205553067059006 0.5808940607586623 0.18252237560990267 0.1839290577065232
1 0.7847382493019991 0.7308135668181092 0.146634058543643 0.16247589825789305
1 0.7736328856473503 0.8475490902652655 0.19397322173617085 0.17978244618028982
1 0.6500393386924742 0.7206253896767082 0.16210018218235717 0.18701587843569853
1 0.6887595221131275 0.8979848836961736 0.10793127870203392 0.11207195692819312
1 0.6003750088620076 0.8112625408780293 0.151472863492331 0.15717079130127018
1 0.6130848813346276 0.8520430274322023 0.14424982876421752 0.1542222592821028
1 0.8748474814089638 0.6927333781980931 0.10157046333992353 0.09582119183011653
1 0.7635032838291537 0.6856143144120407 0.13119935377453415 0.1407074522886564
1 0.7020909968684118 0.5178875741375024 0.16735269766062935 0.16687726386045681
1 0.6372109256702747 0.5854136433483627 0.11306900635953748 0.12137350965148096
1 0.343039866751817 0.6058554976054542 0.08048980113729785 0.10859735074079874
1 0.5327658265754479 0.5585837096359301 0.13414966856216315 0.10859735074079863
1 0.4149057606244045 0.5368642394877703 0.08240622497390017 0.13414966856216318
1 0.31525172112108324 0.47489986877096163 0.07474052962749086 0.13542728445323138
1 0.2826725158988437 0.5253656964681563 0.07090768195428623 0.09837642361225293
1 0.9189252296508174 0.3538996018258969 0.1475646354183794 0.19675284722450584
1 0.9371312560985394 0.22422158888247257 0.09198834415691183 0.11370781430507158
1 0.7636948988860287 0.32579205222239616 0.15906317843799256 0.07921218524622971
1 0.708343778502948 0.43651906943838625 0.11528153498274633 0.17863949611399577
1 0.5586375483695791 0.40308781363202345 0.10540331101312822 0.15714675460139108
1 0.4953955617617023 0.45483125722028633 0.11306900635953748 0.09454357593904832
1 0.3966997341766823 0.4222520519980468 0.11498543019613985 0.10348688717652585
1 0.5173096740025404 0.3368131446352529 0.13327213542896843 0.15181062661173214
1 0.7646531108043316 0.20314092667984687 0.16481244994780497 0.1303168208889584
1 0.37274443621915315 0.343039866751817 0.08240622497390017 0.07026887400875209
1 0.8914474929563393 0.13840132765604313 0.15852793845478771 0.15785271838539175
1 0.5921749655101199 0.18206026447722137 0.15714675460139108 0.14692582747284536
1 0.4446103300917406 0.16928410556653917 0.07282410579088851 0.12392874143361736
1 0.5030612571081116 0.1871707280414942 0.044077748241853475 0.116263046087208
1 0.3669951647093462 0.1469258274728453 0.10540331101312818 0.1354272844532313
1 0.3459145025067206 0.18589311215042603 0.07474052962749086 0.10604211895866227
1 0.27021576096092853 0.09837642361225293 0.07665695346409318 0.10731973484973048
1 0.3051540582512214 0.13395224881728476 0.08296132387378777 0.11110597855955774
1 0.7783532449378652 0.13497112090556768 0.1857093014341271 0.15101514657287562
1 0.8058562232912795 0.05493748331593348 0.17439456913081194 0.06899125811768393
1 0.6074448179351134 0.11286271066616767 0.13979364564421984 0.12810324238936116
1 0.5136015882094245 0.05365986742486524 0.0881554964837072 0.10731973484973048
1 0.4426939062551382 0.05429867537039934 0.08048980113729785 0.09071072826584362
1 0.3698316017932444 0.04290178185812921 0.10702989127533429 0.09205835574060423
1 0.3248338403040949 0.05749271509806991 0.059409138934672215 0.07921218524622967
1 0.27404860863413316 0.029385165494569057 0.06899125811768388 0.045994172078455915
1 0.6391273495068779 0.3302637078411353 0.16289602611119952 0.05749271509807083
