1 0.32664756446991405 0.7643129770992367 0.12034383954154729 0.15458015267175576
1 0.4369627507163324 0.7872137404580154 0.09455587392550142 0.11259541984732824
1 0.8424068767908309 0.9188931297709924 0.12607449856733524 0.10877862595419847
1 0.5487106017191976 0.7690839694656488 0.10028653295128936 0.1450381679389313
1 0.5659025787965617 0.6870229007633586 0.14040114613180515 0.1259541984732824
1 0.7421203438395416 0.5706106870229006 0.1489971346704871 0.08396946564885496
1 0.6862464183381088 0.5009541984732825 0.14040114613180515 0.12786259541984732
1 0.5659025787965617 0.523854961832061 0.1174785100286533 0.09732824427480916
1 0.4985673352435529 0.3893129770992367 0.09742120343839542 0.09923664122137404
1 0.5530085959885391 0.4484732824427479 0.12607449856733613 0.09160305343511445
1 0.7106017191977076 0.3520992366412214 0.16045845272206305 0.12404580152671756
1 0.5759312320916905 0.19179389312977102 0.166189111747851 0.14694656488549618
1 0.7263610315186245 0.1984732824427481 0.09455587392550142 0.10687022900763359
1 0.7836676217765043 0.06393129770992367 0.1346704871060172 0.10496183206106871
1 0.9126074498567336 0.11450381679389313 0.1174785100286533 0.09541984732824428
1 0.7765042979942693 0.15648854961832062 0.13753581661891118 0.08015267175572519
1 0.7822349570200573 0.2633587786259542 0.13180515759312317 0.08778625954198473
1 0.8581661891117478 0.16221374045801526 0.08882521489971347 0.08396946564885496
1 0.8209169054441261 0.22805343511450363 0.11747851002865342 0.07442748091603052
1 0.9011461318051576 0.22614503816793893 0.09455587392550142 0.0629770992366412
