1 0.3956231030421338 0.5841579313898357 0.06150442337147686 0.04310528193137936
1 0.1830911511695859 0.6082763629466791 0.05740412848004512 0.03386843580322658
1 0.13139326641344998 0.5832034572899267 0.039690854549059774 0.04222264996802252
1 0.1338739448227662 0.5316669874760168 0.03142192651800565 0.05091554849085066
1 0.15702694330971778 0.5260786955684845 0.0413446401552706 0.04719002055249575
1 0.19010265543393423 0.5440854139372001 0.0413446401552706 0.0384971220296676
1 0.20581361869293713 0.5223531676301296 0.04961356818632472 0.037255279383549264
1 0.16198830012835022 0.472058540462338 0.03803706894284898 0.03601343673743093
1 0.08591416224265233 0.38885508317241135 0.03472949773042731 0.038497122029667666
1 0.11981676716997423 0.39071784714158875 0.03638328333663813 0.04470633526025908
1 0.09252930466749562 0.31869097366672683 0.0413446401552706 0.04470633526025914
1 0.14048908724760953 0.31558636705143106 0.0479597825801139 0.03601343673743093
1 0.219870796345729 0.4447380022477351 0.061190067429800515 0.040980807321904275
1 0.18348751300909094 0.4074827228641859 0.038037068942848945 0.04098080732190417
1 0.1925833338432505 0.3453905905582705 0.03307571212421647 0.05091554849085066
1 0.2182170107395182 0.3534625677580395 0.0413446401552706 0.04470633526025908
1 0.23640865240783737 0.4074827228641859 0.038037068942848945 0.04098080732190417
1 0.27361882854758085 0.47950959633904794 0.039690854549059774 0.028562380860721118
1 0.3174441471121677 0.4664702485548057 0.044652211367692214 0.03973896467578594
1 0.35465432325191126 0.45467274341668173 0.04630599697390311 0.03601343673743093
1 0.40840235545376297 0.5093138198458873 0.0413446401552706 0.04346449261414085
1 0.4571890308369823 0.4981372360308226 0.036383283336638164 0.028562380860721118
1 0.41253681946929016 0.4764049897237521 0.04299842576148146 0.037255279383549264
1 0.4150174978786063 0.4335614184326705 0.038037068942848945 0.04346449261414085
1 0.37698042893575734 0.4323195757865521 0.0413446401552706 0.036013436737431036
1 0.338116467189803 0.4105873294794817 0.0330757121242165 0.03228790879907613
1 0.3124827902935352 0.38078310597264226 0.04465221136769225 0.037255279383549264
1 0.28188775657863496 0.3633973089269859 0.026460569699373163 0.03477159409131264
1 0.2471582588482077 0.3689856008345183 0.03307571212421647 0.033529751445194364
1 0.5332631687226802 0.4664702485548057 0.036383283336638164 0.02235316763012954
1 0.5084563846295179 0.472058540462338 0.033075712124216436 0.026078695568484446
1 0.45884281644319314 0.47143761913927873 0.029768140911794857 0.037255279383549264
1 0.47703445811151224 0.4484635301860902 0.029768140911794857 0.031046066152957793
1 0.5134177414481503 0.4348032610787888 0.026460569699373205 0.028562380860721118
1 0.49109163576430426 0.4211429919714874 0.028114355305584066 0.03601343673743093
1 0.44065117477487403 0.37767849935734654 0.03969085454905982 0.03352975144519431
1 0.558896845618948 0.3509788824658029 0.0347294977304273 0.034771594091312696
1 0.5299555975102586 0.41990114932536904 0.03969085454905982 0.026078695568484446
1 0.5026681350077801 0.36650191554228173 0.038037068942848945 0.033529751445194364
1 0.3323282175680651 0.3447696692352114 0.047959782580113866 0.037255279383549264
1 0.4489201028059281 0.2882658288368283 0.0628438530360113 0.06085028965979714
1 0.3232323967339056 0.20630421419301978 0.08268928031054124 0.033529751445194364
1 0.41584439068171164 0.34539059055827037 0.05292113939874633 0.04098080732190417
1 0.2273128315736778 0.31061899646695784 0.04961356818632472 0.04843186319861409
1 0.2049867258898317 0.19761131567019163 0.061190067429800515 0.06085028965979717
1 0.2339279739985211 0.2541151560685747 0.056228710611168034 0.03725527938354931
1 0.24385068763578602 0.21748079800808462 0.04961356818632472 0.0384971220296676
1 0.38028800014817904 0.2448013362226874 0.06449763864222215 0.045948177906377466
1 0.32075171832458926 0.30999807514389865 0.051267353792535525 0.03973896467578594
1 0.2769263997600024 0.2404548869612733 0.04630599697390304 0.039738964675785915
1 0.26038854369789427 0.30565162588248457 0.06615142424843294 0.04843186319861409
1 0.49605299258293667 0.30503070455942544 0.04465221136769225 0.024836852922366162
1 0.5034950278108855 0.27957293031400016 0.03969085454905982 0.0384971220296676
1 0.5010143494015692 0.23362475240762265 0.0413446401552706 0.0384971220296676
1 0.4745537797021959 0.14917945247157754 0.05457492500495719 0.05836660436756055
1 0.5994145929711131 0.28081477296011836 0.0330757121242165 0.03601343673743098
1 0.539051418344418 0.283298458252355 0.0413446401552706 0.03601343673743098
1 0.6275289482766973 0.18891841714736352 0.04299842576148139 0.0384971220296676
1 0.5498010247847884 0.16718617084029305 0.033075712124216436 0.05464107642920561
1 0.5638582024375804 0.22493185388479442 0.0479597825801139 0.031046066152957744
1 0.49274542137051514 0.19016025979348175 0.05126735379253548 0.033529751445194364
1 0.5415320967537343 0.3919596897877071 0.0330757121242165 0.027320538214602782
1 0.3860762497699169 0.283298458252355 0.0330757121242165 0.03601343673743098
1 0.37863421454196805 0.32179558028202265 0.0413446401552706 0.05091554849085071
1 0.18280871670702176 0.11454545454545455 0.07021791767554479 0.05090909090909091
1 0.20217917675544794 0.038181818181818185 0.08474576271186438 0.05454545454545454
1 0.09564164648910412 0.04454545454545454 0.05569007263922519 0.05272727272727273
1 0.5 0.038181818181818185 0.06537530266343826 0.04363636363636364
1 0.4527845036319612 0.09272727272727273 0.05326876513317191 0.04363636363636364
1 0.5532687651331719 0.06 0.05569007263922519 0.05454545454545454
1 0.6585956416464892 0.047272727272727265 0.04358353510895883 0.05454545454545454
