1 0.8705722070844689 0.27 0.06811989100817441 0.049090909090909095
1 0.8555858310626705 0.9663636363636363 0.1035422343324251 0.045454545454545456
1 0.8950953678474112 0.9090909090909091 0.11171662125340599 0.03636363636363636
1 0.809264305177112 0.8827272727272727 0.0653950953678474 0.045454545454545456
1 0.6362397820163488 0.92 0.07901907356948229 0.02181818181818182
1 0.6035422343324249 0.8945454545454545 0.06811989100817441 0.04
1 0.5572207084468664 0.8681818181818182 0.08991825613079019 0.02727272727272727
1 0.5653950953678474 0.8309090909090909 0.06267029972752043 0.025454545454545455
1 0.5081743869209809 0.8236363636363636 0.05722070844686648 0.03636363636363636
1 0.502724795640327 0.7718181818181817 0.08446866485013624 0.023636363636363636
1 0.4727520435967303 0.7863636363636363 0.05722070844686648 0.02727272727272727
1 0.43460490463215257 0.7281818181818182 0.06811989100817441 0.023636363636363636
1 0.44005449591280654 0.6909090909090909 0.07901907356948229 0.02909090909090909
1 0.3869209809264305 0.69 0.0653950953678474 0.034545454545454546
1 0.4141689373297002 0.6599999999999998 0.08174386920980928 0.025454545454545455
1 0.6239782016348774 0.7954545454545456 0.07629427792915532 0.023636363636363636
1 0.35013623978201636 0.6454545454545455 0.07356948228882836 0.025454545454545455
1 0.6825613079019074 0.8418181818181817 0.07356948228882836 0.03636363636363636
1 0.5313351498637602 0.7381818181818182 0.08174386920980928 0.02909090909090909
1 0.5817438692098093 0.6890909090909091 0.08991825613079019 0.04
1 0.29155313351498635 0.5636363636363637 0.05994550408719346 0.025454545454545455
1 0.31198910081743875 0.5918181818181817 0.05722070844686648 0.023636363636363636
1 0.2534267013157642 0.501841210251168 0.0653950953678474 0.04363636363636364
1 0.6566757493188011 0.2509090909090909 0.0653950953678474 0.05090909090909091
1 0.2041556578469341 0.39841176461618166 0.0688532990919482 0.030830794236937704
1 0.21819810700384462 0.42924255885311946 0.058887690012850526 0.022367438956209698
1 0.2381293251620401 0.4594688277128622 0.07157119247715678 0.03687604800888623
1 0.3278198068739202 0.4407285410198217 0.08606662386493538 0.041712251026445164
1 0.2865984238649248 0.4026434422565457 0.06341751232153132 0.039294149517665716
1 0.2784447437092993 0.3509565225063854 0.054357867704169706 0.0350624718773017
1 0.17878865291832152 0.36637191962485427 0.056169796627641995 0.027203641973768577
1 0.1683700616083557 0.33675017614230635 0.044392258625071894 0.018740286693040547
1 0.1466269145266878 0.3183121521378631 0.053451903242433554 0.026599116596573668
1 0.1837714574578704 0.3110578476115249 0.05888769001285051 0.030226268859742826
1 0.3060766597922522 0.5295937714674657 0.055263832165905885 0.02962174348254807
1 0.35409277626426877 0.587023682300977 0.057075761089378146 0.024785540464989087
1 0.38127171011635363 0.5643539806561698 0.049828045395488865 0.032644370368522316
1 0.32057209118003077 0.4990652399191254 0.053451903242433554 0.02297196433340456
1 0.28886333501926514 0.48032495322608476 0.06432347678326744 0.02659911659657372
1 0.3649643498051027 0.4815340039804745 0.06251154785979511 0.02418101508779428
1 0.3885194258102429 0.519316840055153 0.058887690012850526 0.024785540464989195
1 0.3640583853433666 0.32314835515542206 0.06432347678326744 0.0350624718773017
1 0.4247580042796894 0.3373547015195011 0.05163997431896121 0.03445794650010684
1 0.456466760440455 0.29987412813342007 0.08244276601799068 0.03324889574571712
1 0.12219160157082974 0.23898751169873847 0.07989450871938869 0.03763159533691852
1 0.17623788688100447 0.21781973932172183 0.07519483173589522 0.029791679641727117
1 0.15861409819290404 0.26329125035383155 0.0540462853101747 0.03292764591980368
1 0.13864047101305682 0.28367503116132914 0.0610958007854149 0.02351974708557407
1 0.23733368766641938 0.2860270058698866 0.0610958007854149 0.03449562905884198
1 0.3513008545161355 0.24839541053296807 0.09164370117812229 0.05644739300537775
1 0.32897738884454164 0.18254011869336076 0.07989450871938866 0.043903527893071545
1 0.41239665530155034 0.2523153683805638 0.08694402419462889 0.05174344358826292
1 0.5804101074614415 0.3534502808485322 0.07519483173589529 0.03763159533691847
1 0.446469313431878 0.3801059942121827 0.0657954777689083 0.03763159533691852
1 0.4676178598575985 0.4679130499983259 0.06109580078541485 0.03135966278076534
1 0.43237028248139764 0.497704729640053 0.06109580078541485 0.040767561614995056
1 0.6032569841210155 0.563093405714845 0.05438332530554447 0.03363325298053764
1 0.7703862277429327 0.5776973181932362 0.08621746694781449 0.030977996166284667
1 0.9162927102700033 0.4949418141490187 0.08091177667410275 0.03894376660904362
1 0.6622827884160577 0.6834650479609797 0.07693250896881915 0.028322739352031685
1 0.6947801413425415 0.6493892521780665 0.057036170442400336 0.03451833858528858
1 0.8479819479959657 0.6785970771348492 0.0742796638319632 0.04690953705180246
1 0.656313886858132 0.6201814272212839 0.07825893153724689 0.029207824956782712
1 0.5435679685417592 0.5887608882526237 0.04907763503183281 0.03009291056153374
1 0.5986145051315178 0.6082327715571455 0.045098367326549045 0.035403424190039605
1 0.45337123388866085 0.6356704253044253 0.06234186071611142 0.03009291056153264
1 0.36848018950927464 0.6250493980474143 0.07030039612667946 0.03363325298053764
1 0.42816920508853074 0.5334430379556869 0.051730480168688676 0.02389731132827675
1 0.42750599380431675 0.5834503746241176 0.06632112842139568 0.040713937818545674
1 0.5422415459733314 0.6179687132094063 0.07030039612667945 0.04071393781854557
1 0.47260436113086596 0.5812376606122404 0.06101543814768402 0.04513936584230061
1 0.5866767020156665 0.646291452561438 0.05570974787397236 0.038943766609043515
