1 0.5847275343797752 0.23684912270763903 0.04314519123327003 0.04404404938396324
1 0.5550652154069019 0.14831159486436601 0.037752042329111425 0.03954975863049759
1 0.5348409070163067 0.1716819067823873 0.037752042329111425 0.03235889342495259
1 0.4343935086763496 0.24988256589268937 0.036403755103071596 0.04134747493188385
1 0.46675240210130226 0.19235564424832924 0.041796904007230455 0.043145191233270104
1 0.5018078699783337 0.16449104157684183 0.028314031746832856 0.0521337727402013
1 0.5489979228897234 0.08134666263772802 0.04719005291138923 0.04404404938396324
1 0.5456272048246241 0.042246333082576984 0.04044861678119072 0.03775204232911135
1 0.509897593334572 0.0984249675008973 0.033707180650991236 0.03865090047980439
1 0.47551626907056016 0.1424690168848607 0.05123491458950828 0.02067373746594191
1 0.47484212545754034 0.09303181859673866 0.028314031746833432 0.04404404938396324
1 0.5119200241736319 0.048538340137428866 0.03235889342495264 0.043145191233270104
1 0.4579885351320442 0.04808891106208231 0.029662318972873174 0.04404404938396323
1 0.43034864699822944 0.1712324777070393 0.025617457294751966 0.04763948198673542
1 0.47416798184452047 0.021123166541288495 0.03235889342495255 0.03865090047980448
1 0.642029741486462 0.6071786807932075 0.03910032955515099 0.05303263089089458
1 0.6029294119313099 0.6476272975743974 0.04988662736346838 0.045841765685350394
1 0.5489979228897233 0.6665033187389536 0.03640375510307167 0.04404404938396324
1 0.5402340559204655 0.5743703582929083 0.0485383401374288 0.043145191233270076
1 0.4316969342242701 0.49706855733329847 0.025617457294754717 0.04674062383604252
1 0.6824783582676527 0.3626892638046769 0.052583201815548 0.04044861678119072
1 0.5658515132152195 0.3123532073658617 0.05123491458950828 0.036853184178418215
1 0.44248323203258777 0.339768380962002 0.04719005291138923 0.043145191233270076
1 0.4714714073924412 0.5141468621964688 0.03235889342495264 0.04494290753465628
1 0.5611325079240806 0.4705522418878521 0.04719005291138908 0.04404404938396324
1 0.5159648858517509 0.47324881633993143 0.03505546787703195 0.053032630890894474
1 0.5092234497215519 0.5204388692513203 0.04044861678119076 0.04494290753465717
1 0.6298951564521047 0.4615636603809209 0.04179690400723029 0.047639481986735704
1 0.5827051035407155 0.40134016428448127 0.03640375510307167 0.04584176568534949
1 0.5901206832839341 0.37167784531160813 0.05393148904158759 0.03865090047980447
1 0.5867499652188347 0.6103246843206334 0.05797635071970661 0.03056117712356633
1 0.5456272048246237 0.5325734542856773 0.02966231897287411 0.042246333082576894
1 0.49776300830021514 0.3483075333935868 0.033707180650992215 0.045841765685349437
1 0.6224795767088865 0.5635840604845908 0.04044861678119072 0.03775204232911136
1 0.4485505245497663 0.3806664268185394 0.037752042329111335 0.04404404938396324
1 0.5038303008173938 0.7321402710934481 0.056628063493667044 0.043145191233270076
1 0.5361891942423463 0.7964086288680066 0.056628063493666864 0.04044861678119072
1 0.428326216159171 0.7307919838674078 0.026965744520794022 0.04584176568534943
1 0.5597842206980408 0.9051704651018752 0.04179690400723037 0.04763948198673575
1 0.5287736144991281 0.8575309831151394 0.049886627363468626 0.029662318972873174
1 0.4923698593960563 0.9721353973285131 0.031010606198912907 0.03775204232911125
1 0.4620333968101633 0.8503401179095943 0.05123491458950828 0.04224633308257704
1 0.49776300830021514 0.9253947734924705 0.04449347845930976 0.04134747493188388
1 0.48697671049189756 0.7959591997926602 0.03370718065099229 0.03775204232911136
1 0.4134950566727344 0.8215766570874143 0.0242691700687144 0.04224633308257704
1 0.48562842326585787 0.7555105830114693 0.03640375510307167 0.04134747493188376
1 0.5011337263653143 0.8777552915057347 0.02426917006871448 0.04494290753465628
1 0.5132152989671503 0.395631524064045 0.0303896444637044 0.044817051431321836
