1 0.5308441558441556 0.6423357664233577 0.05194805194805187 0.10218978102189778
1 0.531655844155844 0.45620437956204385 0.0698051948051948 0.11435523114355224
1 0.4813311688311685 0.3357664233576642 0.043831168831168374 0.10218978102189778
1 0.538961038961039 0.1934306569343066 0.07467532467532466 0.10462287104622871
1 0.4683441558441559 0.18004866180048662 0.05032467532467532 0.072992700729927
1 0.4318181818181818 0.39416058394160586 0.022727272727272728 0.0681265206812652
1 0.40990259740259744 0.24817518248175183 0.060064935064935064 0.1070559610705596
1 0.387175324675325 0.09489051094890508 0.04707792207792201 0.08272506082725059
1 0.5097402597402598 0.0340632603406326 0.03896103896103896 0.0681265206812652
1 0.476461038961039 0.0364963503649635 0.037337662337662336 0.072992700729927
1 0.6152597402597403 0.021897810218978103 0.051948051948051945 0.043795620437956206
