1 0.5684618157233119 0.9277082994348115 0.05944206941382082 0.04518231285324299
1 0.495852199287442 0.897492627714205 0.043641012987362074 0.03332195572926656
1 0.4800511428609833 0.8813964287602373 0.03461183788652851 0.02936850335460788
1 0.45033010815407293 0.889020944054222 0.03536426914493142 0.037840187014590854
1 0.5695904626109161 0.8376260631836581 0.05116532557139008 0.04913576522790166
1 0.6237655132159172 0.4916989804010172 0.05267018808819564 0.0361458502825944
1 0.5944206941382083 0.36744762005459913 0.028592387819306227 0.02033204078395928
1 0.49622841491664343 0.3448564636279778 0.026335094044097868 0.027109387711945727
1 0.5244445871067484 0.3485275265473039 0.02257293775208385 0.025415050979949134
1 0.5221872933315399 0.32621875957601515 0.024077800268889404 0.02372071424795247
1 0.5466413092296307 0.3259363701206822 0.03235454411132014 0.027674166622611285
1 0.5703428938693188 0.3202885810140269 0.039126425436945333 0.027674166622611317
1 0.5571753468472699 0.2663521950454682 0.026335094044097868 0.02936850335460791
1 0.6620967741935485 0.0671912832929782 0.05 0.03753026634382567
1 0.6112903225806452 0.0738498789346247 0.03870967741935484 0.026634382566585953
