1 0.2913804131854074 0.044646617207349 0.038654129072452054 0.01579987525836478
1 0.2740665845383714 0.06906460624300362 0.023353536314606224 0.02346042083817795
1 0.2595712861362021 0.16553960213877653 0.04590177827353685 0.02776947772682294
1 0.2575580502470119 0.11694301611683633 0.02738000809298689 0.027290693628084624
1 0.3864051471551855 0.16960926697805223 0.027380008092986935 0.025375557233131292
1 0.36788337697463547 0.17343953976795887 0.024158830670282582 0.02729069362808461
1 0.344127193482191 0.16889109082994483 0.028185302448662977 0.0287270459242996
1 0.325605423301641 0.1696092669780523 0.033017068582719473 0.019630148048271394
1 0.3123180664329856 0.16194872139823904 0.0306011855156912 0.02441798903565466
1 0.3670780826189594 0.14375492564618264 0.038654129072452054 0.019630148048271418
1 0.30869424183244315 0.10257949315468651 0.0265747137373108 0.02920583002303791
1 0.3554013144616562 0.08654022584695259 0.03945942342812814 0.02489677313439299
1 0.3908342661114037 0.2656054787750867 0.033017068582719696 0.02585434133186967
1 0.401705739913031 0.2438208022824929 0.03704354036109983 0.020587716245748053
1 0.41177191935898216 0.22347247808611403 0.02818530244866293 0.026811909529346253
1 0.4218380988049331 0.19283029576686112 0.028990596804339113 0.029684614121776254
1 0.43069633671737007 0.15476695991716413 0.027380008092986848 0.02537555723313132
1 0.49149606057091455 0.15404878376905665 0.02496412502595867 0.0229816367394397
1 0.4697531129676602 0.081273600760831 0.021742947603254313 0.029684614121776254
1 0.619135215945574 0.08294934510641515 0.03382236293839556 0.03303610281294455
1 0.5704149074271708 0.2373572169495256 0.024964125025958583 0.03351488691168286
1 0.5490746070017546 0.06355858910751291 0.028990596804339033 0.02585434133186965
1 0.5096151835736265 0.09204624298244336 0.03221177422704338 0.028248261825561283
1 0.410966625003306 0.12340660144980374 0.02657471373731076 0.023939204936916317
1 0.34332189912651484 0.06403737320625123 0.033017068582719473 0.027769477726822943
1 0.30345982852054865 0.0604464924657138 0.03221177422704338 0.01675744345584143
1 0.43915192745196896 0.01627865935710311 0.05073354440759333 0.018193795752056416
1 0.3767416148870724 0.04763901782446351 0.0306011855156912 0.021545284443224698
1 0.3469457237270573 0.03351488691168287 0.0418753064951564 0.026811909529346298
1 0.4701557601454982 0.18935911105100822 0.028990596804339033 0.02633312543060798
1 0.5551143146693253 0.0933628992539737 0.037848834716776004 0.030642182319252913
1 0.6239669820796305 0.236040560677995 0.024158830670282582 0.031599750516729544
1 0.5990028570536717 0.2173679808272003 0.03060118551569129 0.031599750516729544
1 0.5192787158417393 0.2267042707525977 0.027380008092986848 0.025375557233131344
1 0.5096151835736265 0.21305892393855536 0.028990596804339033 0.03543002330663618
1 0.5510878428909448 0.19917418507514392 0.02657471373731076 0.0287270459242996
1 0.5027701815503797 0.12328690542511911 0.028185302448663022 0.025375557233131306
1 0.5255237735700075 0.3024096124451019 0.03507862213325021 0.022014492859988247
1 0.5976298301772442 0.2780778045472202 0.031180997451777964 0.02896643797366876
1 0.47290584037013217 0.24766304467486794 0.019488123407361283 0.023752479138408375
1 0.6619406374215363 0.23520747634619035 0.02143693574809732 0.025490465416828506
1 0.6473245448660152 0.23115217502987678 0.019488123407361196 0.027807780454722035
1 0.6336828584808625 0.19870976449936772 0.029232185111041923 0.01853852030314799
1 0.6439141232697271 0.15526010753886463 0.020462529577729347 0.02664912293577528
1 0.39933817450734344 0.08023703318706249 0.03410421596288219 0.028387109214195395
1 0.3296681333260269 0.13034897088150946 0.023385748088833494 0.022014492859988247
1 0.5742440820884107 0.1364319228559799 0.033129809792514175 0.033021739289982394
1 0.4670594033479238 0.0446083144794499 0.052617933199875476 0.017379862784201262
1 0.5294213982514798 0.17814359353806292 0.025334560429569587 0.028387109214195384
1 0.6716846991252169 0.11152078619862475 0.02338574808883354 0.02491113665735513
1 0.5089588686737505 0.28010545520537705 0.023385748088833452 0.023752479138408375
1 0.5518327401699452 0.2737328388511698 0.019488123407361283 0.029545766733142135
1 0.5226005550589035 0.26272559242117577 0.02728337277030571 0.03070442425208889
1 0.6366060769919666 0.1769849360191162 0.027283372770305802 0.020276506581568144
1 0.5722952697476746 0.1703226552851724 0.029232185111041923 0.027807780454722007
1 0.4617001694108995 0.1497564843238675 0.03605302830361836 0.01795919154367464
1 0.4480584830257465 0.11847273131230526 0.03605302830361836 0.028387109214195395
1 0.6093227042216609 0.13585259409650643 0.02923218511104225 0.0318630817710358
1 0.6755823238066893 0.17061231966490906 0.025334560429569667 0.027228451695248658
