0 0.3484850749208946 0.6837355808500231 0.02853094180638899 0.02182997000198288
0 0.34644715050615255 0.7032915956434661 0.03260679063587316 0.026377880419062673
0 0.34101268540017365 0.6491714616802168 0.038041255741852055 0.02910662666931069
0 0.35799538885635757 0.6177908798023664 0.0230964767004102 0.011824567084407395
0 0.3444092260914104 0.6023279843842951 0.020379244147420702 0.017282059584903083
0 0.3410126854001737 0.5727665666732765 0.021737860423915477 0.014553313334655276
0 0.33965406912367896 0.5523009697964176 0.021737860423915477 0.017282059584903083
0 0.3158782842850214 0.529561417711019 0.023096476700410148 0.015462895418071236
0 0.32199205752924753 0.5127341491678237 0.021737860423915477 0.016372477501487195
0 0.2812335692344062 0.4440607018699192 0.0353240231888626 0.022739552085398917
0 0.2819128773726535 0.4245046870764762 0.0258137092533996 0.016372477501487126
0 0.25270262742801713 0.4004007618659534 0.019020627870926027 0.011824567084407395
0 0.25270262742801713 0.32490544894242923 0.03260679063587316 0.03365453708639028
