1 0.04681978798586573 0.6192748091603053 0.09010600706713781 0.1851145038167939
1 0.08038869257950529 0.6841603053435114 0.09717314487632508 0.059160305343511445
1 0.1598939929328622 0.6259541984732825 0.11130742049469963 0.14122137404580157
1 0.2393992932862191 0.6650763358778629 0.13957597173144873 0.07824427480916021
1 0.26236749116607777 0.6125954198473283 0.09363957597173143 0.061068702290076333
1 0.25530035335689044 0.5438931297709924 0.11484098939929328 0.0648854961832061
1 0.16519434628975269 0.523854961832061 0.1219081272084806 0.07442748091603053
1 0.19434628975265017 0.49141221374045796 0.16961130742049468 0.07061068702290078
1 0.3401060070671379 0.5343511450381679 0.11130742049469963 0.09541984732824428
1 0.3710247349823322 0.4513358778625954 0.12014134275618375 0.06679389312977099
1 0.465547703180212 0.4236641221374046 0.1360424028268551 0.061068702290076333
1 0.567137809187279 0.4179389312977099 0.11307420494699646 0.10687022900763359
1 0.4337455830388693 0.4961832061068702 0.10777385159010601 0.08015267175572519
1 0.37632508833922257 0.6288167938931298 0.10954063604240283 0.08969465648854963
1 0.43904593639575973 0.5610687022900763 0.09717314487632508 0.07633587786259542
1 0.480565371024735 0.6154580152671757 0.14134275618374562 0.06679389312977099
1 0.5724381625441695 0.5744274809160305 0.15547703180212008 0.1145038167938931
1 0.6219081272084808 0.5038167938931299 0.14840989399293286 0.08778625954198475
1 0.96113074204947 0.3969465648854962 0.07773851590106007 0.11832061068702289
1 0.9425795053003533 0.4856870229007634 0.11484098939929328 0.13549618320610687
1 0.8498233215547706 0.484732824427481 0.1554770318021202 0.13358778625954215
1 0.8445229681978802 0.5677480916030535 0.1024734982332156 0.08206106870229019
1 0.7959363957597173 0.5505725190839694 0.15724381625441697 0.07824427480916032
