1 0.1491031390134529 0.37817638266068754 0.10986547085201794 0.10762331838565026
1 0.4366591928251121 0.5799701046337818 0.07286995515695067 0.08071748878923767
1 0.06894618834080717 0.570254110612855 0.10650224215246636 0.06726457399103139
1 0.043721973094170405 0.3849028400597907 0.07174887892376682 0.05829596412556054
1 0.23542600896860985 0.4200298953662183 0.07623318385650224 0.05381165919282513
1 0.4125560538116592 0.476831091180867 0.11434977578475337 0.08968609865470852
1 0.320627802690583 0.43572496263079225 0.09192825112107623 0.0523168908819133
1 0.3436098654708519 0.600896860986547 0.0908071748878924 0.0687593423019432
1 0.712443946188341 0.5149476831091181 0.10650224215246636 0.09715994020926756
1 0.6591928251121076 0.586696562032885 0.08520179372197308 0.10911808669656203
1 0.562219730941704 0.6031390134529148 0.0952914798206278 0.13602391629297458
1 0.9517937219730942 0.4439461883408072 0.07399103139013452 0.07473841554559044
1 0.8671524663677129 0.4559043348281016 0.07511210762331837 0.08370702541106129
1 0.7926008968609866 0.48654708520179374 0.04484304932735425 0.04334828101644246
