1 0.4706754524565383 0.009979092692022134 0.06123765342097168 0.01995818538404427
1 0.6479798210823751 0.022730155576272636 0.06266178489587783 0.04546031115254527
1 0.49630981900485205 0.27054429076148895 0.05838939047115907 0.11974911230426559
1 0.6736141876306887 0.2184312511475956 0.0712065737453159 0.14636002614965793
1 0.6251937174838739 0.33707157537496985 0.10538572914306756 0.13748972153452713
1 0.6999606199164558 0.39750052556554827 0.07832723111984752 0.13859850961141845
1 0.5838939047115912 0.5150320617160312 0.08544788849438055 0.13859850961141829
1 0.6914158310670179 0.533881459023184 0.08117549406965958 0.11420517191980867
1 0.5347613688273225 0.5876576807524145 0.09541680881872311 0.06652728461348083
1 0.6522522155070953 0.5665907072914793 0.10253746619325228 0.10866123153535122
