1 0.11197194309342656 0.5825154102074329 0.020720786622271108 0.02380432568108494
1 0.1962497579128562 0.5798374235683109 0.03466746992572283 0.03511138037960046
1 0.21438044620734334 0.5033660273178253 0.01514211330089043 0.021423893112976565
1 0.2434692428116855 0.518541284939517 0.03028422660178086 0.020828784970949338
1 0.23549970949542737 0.5875738294146636 0.03187813326503247 0.02439943382311217
1 0.2588105944454824 0.5857885049885821 0.02430707661458724 0.02558965010716641
1 0.2400821911522758 0.5551404356741851 0.033870516594097025 0.030945623385410497
1 0.28770015271691807 0.542345610620602 0.03267508659665831 0.037491812947708834
1 0.31160875266569243 0.528063015211951 0.03347203992828409 0.04582332693608863
1 0.30702627100884394 0.5807300857813515 0.025104029946213045 0.027374974533247665
1 0.337562427072895 0.5918969703802986 0.02601624512332198 0.02016482134141491
1 0.33887970530698724 0.5646006878327734 0.03853038834719833 0.034427743753635325
1 0.35830955925984787 0.5282056444360732 0.039847666581290596 0.05311709036275165
1 0.4068841941419997 0.5328779810883522 0.02305236909661447 0.046723366522790896
1 0.4198923167036607 0.5151722843007684 0.032602636293783196 0.035903218485934044
1 0.4068841941419996 0.601979381051006 0.021735090862522077 0.018689346609116315
1 0.411330008182061 0.5803390849772924 0.02535760600627578 0.026558545181375882
1 0.4434285663341304 0.6038777760240727 0.032602636293783196 0.030984969378271766
1 0.4452398239060072 0.5783028806642292 0.032273316735260106 0.024099420627544745
1 0.43585421648809997 0.548547473562873 0.03128535805969095 0.023607595716778583
1 0.4514968955179455 0.5271530899445422 0.01580733880910699 0.019181171519882478
1 0.4719147081463753 0.5163329419076856 0.02371100821366052 0.024099420627544638
1 0.48393487203246704 0.591582153254917 0.03194399717673708 0.036886868307466465
1 0.4948024174637282 0.5664990828058398 0.02667488424036803 0.02114847116294745
1 0.4729026668219445 0.546334261464425 0.026345564681845002 0.0349195686644015
1 0.4948024174637282 0.5187920664615167 0.02206441042104525 0.017213871876817614
1 0.5035293857645893 0.5443669618213601 0.02568692556479888 0.030001319556739337
1 0.5348147438242803 0.5814997425842096 0.02173509086252215 0.025574895359843447
1 0.5425537534495722 0.5468260863751913 0.02272304953809131 0.02705037009214204
1 0.5822367602516012 0.5925658030764496 0.03424923408639854 0.036886868307466465
1 0.6138514378698153 0.5903525909780015 0.022393729979568268 0.025574895359843447
1 0.6397030232138757 0.5888771162457028 0.01877121483581457 0.025574895359843447
1 0.6217551072743689 0.5625644835197101 0.03622515143753689 0.020164821341415017
1 0.6066064075823079 0.5389568878029316 0.020417812628429913 0.022132120984479878
1 0.6265302408729532 0.5379732379813993 0.017453936601722328 0.01721387187681772
1 0.609734943388277 0.5052668814154457 0.029309440708552587 0.021640296073713608
1 0.5608309889476022 0.510431042978491 0.015148699692060941 0.02114847116294745
1 0.5679113594558481 0.5406782749906134 0.013502101899445595 0.034427743753635325
1 0.5269110744197267 0.5163329419076856 0.02107645174547603 0.023115770806012313
