1 0.3957746478873239 0.8423137876386687 0.01056338028169014 0.011093502377179081
1 0.4639084507042254 0.6814580031695721 0.008802816901408451 0.012678288431061805
1 0.5345070422535211 0.699418911780243 0.007746478873239437 0.009508716323296357
1 0.07147887323943662 0.2757527733755943 0.01619718309859155 0.022187004754358162
1 0.1693661971830986 0.283148441627047 0.015492957746478873 0.016904384574749076
1 0.2991197183098592 0.38087691494981507 0.01443661971830986 0.02535657686212361
1 0.18961267605633803 0.17089276281035395 0.012323943661971828 0.013206550449022716
1 0.3616197183098592 0.3058637083993661 0.011267605633802818 0.022187004754358162
1 0.3371478873239437 0.23930269413629163 0.013028169014084507 0.021130480718436352
1 0.3584507042253521 0.25990491283676703 0.011971830985915493 0.011621764395139993
1 0.3681338028169014 0.2739038563127311 0.010915492957746478 0.013206550449022716
1 0.39366197183098595 0.2884310618066561 0.011971830985915493 0.009508716323296357
1 0.419718309859155 0.3085050184891706 0.014788732394366198 0.02535657686212361
1 0.48697183098591557 0.4397781299524564 0.007746478873239437 0.015319598520866354
1 0.4908450704225352 0.4630216587427363 0.009154929577464789 0.015319598520866354
1 0.6195422535211267 0.7781299524564185 0.007394366197183099 0.010565240359218176
1 0.5221830985915493 0.3351822503961966 0.004929577464788733 0.010036978341257264
1 0.4459507042253521 0.30480718436344423 0.010211267605633803 0.009508716323296357
1 0.4385563380281689 0.2849973586899102 0.010211267605633803 0.013206550449022716
1 0.5579225352112676 0.4720021130480718 0.012323943661971828 0.017432646592709985
1 0.5595070422535212 0.49999999999999994 0.011971830985915493 0.013206550449022716
1 0.5596830985915493 0.5158478605388273 0.013028169014084507 0.017432646592709985
1 0.5857394366197183 0.3888008452192288 0.013028169014084507 0.014791336502905442
1 0.6170774647887324 0.3977812995245642 0.010915492957746478 0.020073956682514528
1 0.615669014084507 0.4276281035393555 0.019366197183098594 0.017432646592709985
1 0.6353873239436619 0.4500792393026941 0.013028169014084507 0.012678288431061805
1 0.6339788732394367 0.4226096143687269 0.008802816901408451 0.01584786053882726
1 0.7447183098591549 0.5277337559429477 0.008450704225352112 0.013734812466983624
1 0.8376760563380281 0.6254622292657158 0.0070422535211267625 0.012678288431061805
1 0.7068661971830987 0.32435287902799786 0.010211267605633803 0.01584786053882726
1 0.6899647887323944 0.2931854199683043 0.012323943661971828 0.012678288431061805
1 0.6994718309859155 0.30824088748019013 0.009507042253521126 0.010036978341257264
1 0.683274647887324 0.202324352879028 0.010915492957746478 0.013734812466983624
1 0.7193661971830986 0.23639725303750658 0.011267605633802818 0.008980454305335447
1 0.7295774647887324 0.24247226624405704 0.01056338028169014 0.01584786053882726
1 0.7242957746478873 0.25330163761225566 0.01056338028169014 0.008980454305335447
