1 0.37282091917591126 0.6318013734812467 0.030110935023771792 0.08557844690966719
1 0.6261885895404121 0.8402007395668253 0.028922345483359747 0.092445853143159
1 0.6572900158478605 0.8716323296354993 0.04833597464342314 0.05071315372424722
1 0.4716719492868463 0.44506075013206553 0.03843106180665609 0.08927628103539358
1 0.44215530903328054 0.03460116217643952 0.03328050713153723 0.06814580031695723
1 0.8815372424722662 0.017432646592709985 0.022979397781299524 0.03486529318541997
1 0.9005546751188589 0.022979397781299524 0.017432646592709985 0.04595879556259905
1 0.8890649762282089 0.08320126782884305 0.030110935023772156 0.080824088748019
1 0.8532091917591126 0.5139989434759641 0.02654516640253566 0.053882725832012694
1 0.8629160063391442 0.4574749075541469 0.026941362916006347 0.055995773903856315
1 0.8724247226624406 0.381405176967776 0.026941362916006347 0.08557844690966719
1 0.8748019017432648 0.28631801373481247 0.02456418383518225 0.07606973058637086
1 0.8878763866877972 0.23903856312731114 0.016640253565768617 0.0554675118858954
1 0.8926307448494454 0.1938721605916535 0.02535657686212361 0.07290015847860538
1 0.8954041204437401 0.15530903328050713 0.034072900158478615 0.04648705758055997
