0 0.3637083993660856 0.8055995773903857 0.03803486529318542 0.058108821975699956
0 0.40451664025356576 0.782620179609086 0.02931854199683043 0.0375066032752245
0 0.34667194928684625 0.7678288431061806 0.041996830427892234 0.03433703116745906
0 0.3621236133122029 0.739566825145272 0.061806656101426306 0.023243528790279987
0 0.40927099841521397 0.7451135763338617 0.026148969889064975 0.03645007923930269
0 0.39223454833597465 0.6817221341785527 0.15055467511885895 0.08505018489170629
0 0.39857369255150554 0.6204437400950872 0.04595879556259905 0.03433703116745906
0 0.4310618066561014 0.5961436872688853 0.04120443740095087 0.050184891706286316
0 0.35301109350237714 0.6035393555203381 0.04992076069730586 0.07025884838880084
0 0.3803486529318541 0.5536185948230323 0.05229793977812995 0.08874801901743265
0 0.42789223454833597 0.52905441098785 0.05071315372424722 0.0787110406761754
0 0.3470681458003169 0.45773903856312725 0.07606973058637084 0.050184891706286316
0 0.40332805071315375 0.4952456418383518 0.12044374009508717 0.024828314844162706
0 0.43026941362916005 0.35235076597992604 0.07131537242472266 0.06444796619123083
0 0.5071315372424723 0.3972530375066033 0.04120443740095087 0.053882725832012694
0 0.4976228209191759 0.4500792393026941 0.053882725832012694 0.04648705758055997
0 0.30942947702060225 0.5089804543053355 0.03724247226624405 0.04490227152667723
0 0.567353407290016 0.27205493924986796 0.044374009508716325 0.058108821975699956
0 0.5919175911251982 0.1740623349181194 0.05071315372424722 0.08821975699947174
