1 0.2315340909090909 0.7727272727272724 0.04071969696969691 0.062499999999999466
1 0.3096590909090909 0.6619318181818181 0.04166666666666666 0.05965909090909091
1 0.32481060606060597 0.7230113636363632 0.028409090909091033 0.0625
1 0.521306818181818 0.4552556818181817 0.048295454545454544 0.07244318181818184
1 0.6013257575757576 0.1931818181818182 0.04166666666666666 0.07102272727272728
1 0.6827651515151514 0.2911931818181818 0.03977272727272727 0.07386363636363637
1 0.734375 0.26278409090909094 0.036931818181818184 0.07670454545454553
1 0.5620265151515151 0.5411931818181818 0.04450757575757576 0.06534090909090909
1 0.5392992424242424 0.5880681818181818 0.048295454545454544 0.0625
1 0.5591856060606061 0.6995738636363636 0.040719696969696975 0.046875
1 0.574810606060606 0.646306818181818 0.043560606060606064 0.07670454545454546
