1 0.19047619047619047 0.3601694915254237 0.17594834543987087 0.3523002421307506
1 0.2683615819209039 0.5932203389830508 0.11380145278450363 0.27602905569007263
1 0.3688458434221146 0.4285714285714286 0.10492332526230831 0.36077481840193704
1 0.4616626311541566 0.38801452784503637 0.11945117029862795 0.364406779661017
1 0.440274414850686 0.6779661016949153 0.14285714285714282 0.3728813559322034
1 0.5552865213882163 0.635593220338983 0.08716707021791766 0.3898305084745763
1 0.5879741727199355 0.37893462469733646 0.18159806295399517 0.22760290556900728
1 0.6279257465698144 0.18583535108958837 0.2340597255851493 0.29418886198547217
1 0.6000807102502017 0.6234866828087168 0.07828894269572235 0.31234866828087166
1 0.672316384180791 0.6422518159806296 0.10976594027441483 0.3014527845036319
1 0.447905477980666 0.9533011272141709 0.1310418904403867 0.09339774557165863
