1 0.17191775697209544 0.3531225416306208 0.08536287438136586 0.11204243411831588
1 0.3634741910069439 0.4321741750714446 0.13860481002082609 0.14083305345572283
1 0.28219340993969305 0.4169549670805657 0.06228377468957573 0.09198834415691183
1 0.2096493502353638 0.45834917270891795 0.09757014850574414 0.1001724418692524
1 0.6324198660787688 0.6782274168040169 0.0900719203203095 0.06260317866234329
1 0.5370777802078033 0.5779345693551625 0.0910301322386111 0.07154648989982024
1 0.29752480063251174 0.534495629058842 0.05078523166996177 0.09454357593904836
1 0.3943042043809294 0.5351344370043761 0.05845092701637105 0.08560026470157073
1 0.4720155437856885 0.5825730609240655 0.12143251823239226 0.10824232244588458
1 0.5538464887780734 0.6820602644772216 0.07665695346409321 0.06260317866234283
1 0.46664920421266737 0.6284003970523562 0.08432264881050248 0.04471655618738765
