1 0.36557959544121543 0.4952318901828198 0.058649132958483736 0.03228305785123965
1 0.3857809634602487 0.5265366735537189 0.05995244702422787 0.047935449536689226
1 0.3962074759862015 0.5769178092912595 0.07298558768166866 0.06847921362384167
1 0.5434819654152829 0.5348520066366139 0.054739190761251534 0.046957175056348624
1 0.5011242582786002 0.5133299680691206 0.07428890174741273 0.046957175056348624
1 0.5213256262976335 0.4419159310042574 0.04691930636678702 0.046957175056348624
1 0.4744063199308464 0.43311146068119194 0.05995244702422787 0.06847921362384167
1 0.6099509827682311 0.2164236632857501 0.057345818892739694 0.0635878412221387
1 0.5545601349741076 0.19343421299774605 0.07168227361592466 0.07434886050588528
1 0.48092289025956686 0.16115115514650644 0.08862535647059769 0.07239231154520408
1 0.46723809256925397 0.21397797708489857 0.05343587669550745 0.06065301778111691
1 0.4392168401557561 0.8434976051840718 0.057345818892739604 0.038152704733283166
