1 0.34432576989292935 0.31371986388240125 0.0748377201703923 0.17211753992389472
1 0.2581333611449608 0.31716221468087974 0.11612749681612351 0.20791798822806742
1 0.18270726165736867 0.48514893364660244 0.11045015252733636 0.12805544970337945
1 0.2686416093013004 0.5374726657834696 0.10993403031926322 0.19277164471476066
1 0.34141484063940547 0.6328257829013095 0.07483772017038895 0.14389026337638444
1 0.14451421826006655 0.6094177974716584 0.1094179081111947 0.1535288456121143
1 0.45910184334769155 0.8372706895264963 0.06184935551271754 0.1445218351757697
1 0.5320414281247596 0.6019959696635803 0.0396688969840254 0.06543311435123143
1 0.5693643150720926 0.5479425273734316 0.04436091705740009 0.12460740906887119
1 0.6310003969451103 0.573831281312398 0.07464577389465521 0.12517639267192643
1 0.6303605760260168 0.4506463312511619 0.05971661911572962 0.1325731795116304
1 0.6762144085613073 0.4657243967320984 0.043934369778004315 0.14565980238187726
1 0.7306794628825464 0.2685033622812807 0.06334227099061399 0.06133643240924381
1 0.6715600099579767 0.22218809699266817 0.04269738266775245 0.13519050408567998
1 0.6610029647928765 0.08386818309019023 0.07131870511535755 0.11516228125817164
1 0.6661641868735896 0.14301402862767523 0.0788259372327656 0.1007669961009001
1 0.7126151856000377 0.12048227794672858 0.03941296861638093 0.13206109426888163
1 0.7463977301283645 0.09669876333906263 0.03753616058703002 0.12455051070856615
1 0.7095653725523414 0.025035278534385155 0.044574190697098094 0.05007055706877031
