1 0.2160751565762004 0.7533333333333333 0.2609603340292276 0.2733333333333333
1 0.14613778705636743 0.20833333333333331 0.12108559498956159 0.33666666666666667
1 0.2651356993736952 0.115 0.2755741127348643 0.23
1 0.29958246346555323 0.4016666666666667 0.23173277661795408 0.41
1 0.5334029227557411 0.19833333333333333 0.23173277661795408 0.16333333333333333
1 0.5814196242171189 0.38 0.1315240083507307 0.3933333333333333
1 0.5093945720250523 0.68 0.17536534446764096 0.36
1 0.5887265135699373 0.8183333333333335 0.17536534446764096 0.2366666666666667
1 0.4446764091858037 0.925 0.12526096033402923 0.15
1 0.7108559498956158 0.5199999999999999 0.15657620041753653 0.4533333333333332
1 0.7672233820459291 0.275 0.18580375782880998 0.33666666666666667
