1 0.5510511954113096 0.32007393479535834 0.13446703811472144 0.12171469116784571
1 0.28079881488662417 0.44884455008887625 0.10282773502890465 0.09525497569657498
1 0.5068880015206901 0.41047796265553366 0.0988728221431775 0.0926090041494478
1 0.7230899059404385 0.4514905216360033 0.06723351905736089 0.054683411973959616
1 0.4324038088394964 0.5030869668049816 0.12392060375278252 0.04674549733257843
1 0.6110340408448368 0.48324218020152865 0.11205586509560113 0.09525497569657533
1 0.5174344358826293 0.5163168245406173 0.06196030187639148 0.06262132661534102
1 0.6228987795020186 0.5502734593954145 0.06987012764784545 0.07232322228814021
1 0.466679720515798 0.5917270136337387 0.14501347247666044 0.04762748784828749
1 0.5734623684304297 0.618627724362864 0.07118843194308783 0.0696772507410132
1 0.6545380825878356 0.6243606627149731 0.07250673623832997 0.08819905157090378
1 0.4759078505824945 0.630534596324936 0.11073756080035883 0.031751658565525046
1 0.43240380883949636 0.6746341221103873 0.14765008106714508 0.051155449911123585
1 0.6404520011931707 0.8521788129226144 0.07018652067870358 0.06104432757325316
1 0.6772999245494903 0.7934823441021785 0.12282641118773138 0.054000751314800866
1 0.48867365022547415 0.8363307663410966 0.10703444403502306 0.038739669421487564
1 0.5439455352599533 0.8668529301277234 0.06316786861083325 0.03639181066867019
1 0.485164324191539 0.771177685950413 0.10703444403502306 0.06574004507888807
1 0.3623379130038076 0.7201117580766341 0.08597848783141192 0.05282682193839225
1 0.5114842694460527 0.7277422990232904 0.1070344440350231 0.023478587528174194
