0 0.3690140845070423 0.7184363444268357 0.02676056338028169 0.021130480718436352
0 0.3795774647887324 0.6957210776545166 0.022535211267605635 0.017960908610670893
0 0.39049295774647885 0.6701003697834126 0.021830985915492956 0.03328050713153724
0 0.4038732394366197 0.6386687797147386 0.020422535211267606 0.024300052826201797
0 0.48239436619718296 0.49392498679344926 0.028169014084507216 0.054939249867934456
0 0.44119718309859174 0.4870575805599575 0.0542253521126765 0.1215002641310093
0 0.4820422535211268 0.37242472266244037 0.03309859154929571 0.06022187004754355
0 0.5172535211267608 0.23718964606444803 0.037323943661971455 0.04965662968832553
0 0.5408450704225352 0.1735340729001585 0.04366197183098591 0.07659799260433175
0 0.5626760563380283 0.06471209720021127 0.052112676056337924 0.10089804543053349
