1 0.19489436619718312 0.3362387744321183 0.06514084507042255 0.03961965134706814
1 0.04330985915492958 0.320919175911252 0.08098591549295776 0.043845747490755406
1 0.24982394366197183 0.3740095087163233 0.03767605633802816 0.09403063919704174
1 0.46320422535211264 0.6851558372952988 0.07922535211267617 0.08663497094558945
1 0.4012323943661973 0.7820919175911252 0.0926056338028169 0.05758055995773904
1 0.6691901408450706 0.9722662440570522 0.03556338028169014 0.042789223454833596
1 0.3436619718309859 0.3819334389857369 0.029577464788732397 0.05705229793977813
1 0.4551056338028169 0.37083993660855774 0.019366197183098594 0.08346539883782356
1 0.47447183098591544 0.3761225567881668 0.013732394366197187 0.08769149498151081
1 0.4984154929577466 0.3766508188061279 0.03697183098591549 0.10670892762810354
1 0.5348591549295775 0.372688853671421 0.035211267605633804 0.08821975699947174
1 0.5116197183098591 0.5942947702060222 0.07957746478873239 0.0676175382989963
1 0.5633802816901409 0.5031695721077655 0.03028169014084507 0.07448494453248813
1 0.36866197183098587 0.5781827786582145 0.038028169014084505 0.0861067089276281
