1 0.46938775510204084 0.842557251908397 0.05102040816326531 0.06679389312977099
1 0.510204081632653 0.9303435114503817 0.061224489795918366 0.05534351145038168
1 0.5012755102040817 0.8778625954198473 0.03826530612244898 0.05343511450381679
1 0.4948979591836735 0.7748091603053434 0.05102040816326531 0.05343511450381679
1 0.46173469387755106 0.7251908396946564 0.04591836734693879 0.05725190839694656
1 0.5 0.6975190839694656 0.05102040816326531 0.05534351145038168
1 0.5255102040816326 0.7375954198473283 0.030612244897959183 0.04007633587786259
1 0.4379712903720826 0.6759672070119934 0.04910347197661684 0.041473752494409155
1 0.4276754010866629 0.7257357100052845 0.03484762527372811 0.0462136099223416
1 0.514794464270983 0.5788001297393776 0.05068745494360446 0.05095346735027415
1 0.46252302636039083 0.607831756485464 0.05068745494360453 0.047398574279324875
1 0.5116264983370078 0.6244212574832276 0.057023386811555034 0.045028645565358544
1 0.4728189156458107 0.5142195722837974 0.0807831313163696 0.08294750498881837
1 0.40312366509835434 0.4988150356430169 0.06494330164649326 0.08057757627485214
1 0.5187544216884522 0.4709683732539136 0.052271437910592154 0.046213609922341664
1 0.3991637076808853 0.4241622811530803 0.06335931867950563 0.04739857427932482
1 0.3928277758129347 0.37202384944582306 0.07286321648143146 0.0663580039910547
1 0.5520180639951926 0.3986855474779432 0.10295889285419663 0.0556933247782067
1 0.5868656892689207 0.337067400914821 0.04910347197661684 0.06754296834803782
1 0.492618702733156 0.3192929355600742 0.07919914834938198 0.06517303963407159
1 0.4482671796575022 0.22153337610896678 0.07919914834938205 0.061618146563122256
1 0.4823228134477363 0.27307932563773263 0.08078313131636959 0.06991289706200385
1 0.8403029639869432 0.7352154248611494 0.04910347197661684 0.0367338950664767
1 0.47576530612244894 0.06679389312977099 0.09948979591836732 0.10305343511450381
1 0.4987244897959184 0.20419847328244273 0.058673469387755105 0.05343511450381679
