1 0.1174785100286533 0.6459923664122138 0.1833810888252149 0.24236641221374045
1 0.4197707736389683 0.8425572519083971 0.2378223495702005 0.16603053435114512
1 0.5472779369627506 0.6669847328244274 0.28653295128939826 0.2270992366412209
1 0.700573065902579 0.26908396946564883 0.2836676217765044 0.21374045801526723
1 0.2679083094555874 0.42938931297709926 0.16905444126074498 0.1717557251908397
1 0.37249283667621774 0.3568702290076336 0.27507163323782235 0.1297709923664122
1 0.37965616045845274 0.12213740458015267 0.22636103151862463 0.18702290076335878
1 0.3896848137535818 0.22519083969465647 0.18338108882521503 0.11450381679389313
1 0.2679083094555874 0.23664122137404578 0.14040114613180515 0.14885496183206107
1 0.23925501432664753 0.1307251908396946 0.22063037249283668 0.10114503816793889
1 0.09169054441260745 0.0896946564885496 0.14326647564469913 0.16030534351145037
1 0.04727793696275071 0.2805343511450381 0.09455587392550142 0.1946564885496183
1 0.08595988538681949 0.25286259541984735 0.11461318051575932 0.15076335877862596
1 0.1848137535816619 0.23854961832061072 0.14613180515759314 0.1297709923664122
1 0.16475644699140404 0.3253816793893129 0.10601719197707732 0.10496183206106867
1 0.7206303724928367 0.9379770992366412 0.12893982808022922 0.12404580152671756
