1 0.39658848614072495 0.9559659090909092 0.10234541577825164 0.08522727272727253
1 0.5010660980810234 0.9005681818181818 0.1279317697228145 0.13636363636363633
1 0.6759061833688699 0.8487215909090909 0.1279317697228145 0.13494318181818182
1 0.7921108742004266 0.7357954545454546 0.10874200426439233 0.15056818181818182
1 0.6247334754797441 0.7421875 0.1791044776119403 0.10369318181818182
1 0.5650319829424306 0.8082386363636364 0.10660980810234541 0.08806818181818182
1 0.488272921108742 0.7869318181818181 0.11087420042643908 0.08238636363636344
1 0.3752665245202558 0.7436079545454546 0.08102345415778255 0.11505681818181818
1 0.7249466950959489 0.6058238636363636 0.11513859275053305 0.11221590909090906
1 0.7089552238805971 0.5255681818181818 0.1684434968017058 0.09090909090909094
1 0.6705756929637527 0.6697443181818181 0.13859275053304904 0.06676136363636363
1 0.6151385927505331 0.5774147727272727 0.1300639658848614 0.10369318181818182
1 0.47654584221748403 0.7201704545454546 0.10021321961620469 0.06534090909090909
1 0.755863539445629 0.29332386363636365 0.10447761194029852 0.1434659090909091
1 0.5788912579957356 0.4474431818181818 0.14285714285714282 0.08238636363636363
1 0.4936034115138595 0.6363636363636369 0.11300639658848652 0.13068181818181757
1 0.4957356076759062 0.5099431818181819 0.11727078891257996 0.11647727272727273
1 0.4371002132196162 0.6292613636363638 0.08955223880597021 0.11931818181818182
1 0.37100213219616207 0.6058238636363636 0.08528784648187633 0.1434659090909091
1 0.5309168443496801 0.32315340909090906 0.1279317697228145 0.13494318181818182
1 0.7835820895522387 0.13707386363636365 0.10874200426439212 0.1349431818181818
1 0.2046908315565032 0.5326704545454546 0.07675906183368872 0.11931818181818182
1 0.1727078891257996 0.3927556818181819 0.07675906183368872 0.13210227272727273
1 0.14498933901918976 0.4659090909090908 0.09381663113006397 0.06534090909090909
1 0.2654584221748401 0.5269886363636364 0.11300639658848617 0.0625
1 0.2835820895522388 0.45809659090909105 0.10660980810234541 0.12926136363636367
1 0.3955223880597016 0.4829545454545453 0.10447761194029855 0.10795454545454546
1 0.46908315565032 0.41335227272727265 0.1321961620469081 0.07102272727272714
1 0.34434968017057566 0.37357954545454547 0.09168443496801708 0.1022727272727273
1 0.4115138592750533 0.3302556818181819 0.10660980810234541 0.1434659090909091
1 0.24307036247334757 0.34872159090909094 0.11940298507462685 0.11505681818181818
1 0.20469083155650325 0.2649147727272727 0.08528784648187633 0.078125
1 0.3187633262260128 0.25852272727272724 0.1257995735607676 0.13068181818181818
1 0.46801705756929635 0.2450284090909091 0.14712153518123663 0.06960227272727272
1 0.6162046908315565 0.24076704545454547 0.16631130063965885 0.052556818181818184
1 0.43176972281449894 0.18536931818181818 0.15565031982942432 0.06960227272727272
1 0.6087420042643924 0.11931818181818182 0.12153518123667377 0.11931818181818182
1 0.3923240938166312 0.11221590909090906 0.08528784648187633 0.13636363636363633
1 0.3390191897654584 0.1022727272727273 0.07249466950959488 0.1022727272727273
1 0.2974413646055438 0.09090909090909091 0.07889125799573575 0.13352272727272727
1 0.2110874200426439 0.05752840909090909 0.1279317697228145 0.11505681818181818
1 0.1865671641791045 0.11008522727272727 0.12153518123667377 0.12073863636363637
1 0.906183368869936 0.026278409090909092 0.15351812366737744 0.052556818181818184
1 0.7238805970149255 0.03125 0.15138592750533048 0.0625
1 0.6257995735607677 0.04048295454545455 0.17697228144989338 0.078125
1 0.44136460554371004 0.03480113636363636 0.13219616204690832 0.06960227272727272
1 0.11300639658848613 0.04545454545454545 0.08955223880597014 0.07954545454545454
