1 0.5657726692209448 0.7194656488549621 0.15581098339719063 0.1259541984732829
1 0.19093231162196678 0.7700381679389312 0.13665389527458494 0.10114503816793893
1 0.26819923371647514 0.6574427480916029 0.14303959131545335 0.1736641221374046
1 0.5102171136653895 0.6097328244274809 0.17752234993614308 0.15076335877862596
1 0.6104725415070241 0.45801526717557245 0.18390804597701202 0.22137404580152675
1 0.7439335887611749 0.45515267175572516 0.1954022988505747 0.3072519083969465
1 0.3959131545338441 0.46087786259541985 0.14048531289910626 0.18511450381679395
1 0.47126436781609193 0.30534351145038174 0.24010217113665394 0.23282442748091625
1 0.5881226053639846 0.2013358778625954 0.006385696040868455 0.013358778625954198
1 0.23946360153256704 0.4732824427480915 0.2056194125159643 0.263358778625954
1 0.23499361430395915 0.34064885496183206 0.1379310344827586 0.12404580152671746
1 0.19987228607918264 0.2795801526717557 0.14431673052362703 0.16221374045801532
1 0.20561941251596422 0.1765267175572519 0.17113665389527458 0.2080152671755725
1 0.3435504469987228 0.142175572519084 0.09706257982120048 0.13931297709923668
