1 0.4917302798982188 0.7700381679389313 0.08524173027989822 0.11259541984732824
1 0.47328244274809156 0.5963740458015266 0.08396946564885496 0.1583969465648855
1 0.46819338422391843 0.47423664122137404 0.08905852417302801 0.15076335877862596
1 0.5165394402035624 0.46564885496183206 0.058524173027989825 0.11450381679389313
1 0.4840966921119593 0.33587786259541985 0.06234096692111959 0.1946564885496183
1 0.3956743002544529 0.43225190839694655 0.11450381679389313 0.07824427480916032
1 0.3975826972010178 0.3444656488549619 0.08015267175572519 0.15458015267175576
1 0.43702290076335876 0.1946564885496183 0.08524173027989822 0.20610687022900762
1 0.36959287531806617 0.12309160305343506 0.1259541984732825 0.21946564885496173
1 0.31170483460559795 0.1937022900763359 0.08142493638676845 0.1965648854961832
1 0.294529262086514 0.3015267175572519 0.07251908396946564 0.18702290076335878
1 0.3549618320610686 0.30534351145038185 0.07124681933842225 0.14122137404580154
