1 0.8874045801526715 0.41793893129771 0.16412213740458015 0.21755725190839695
1 0.8931297709923662 0.2671755725190841 0.2137404580152671 0.1717557251908397
1 0.8912213740458013 0.5486641221374042 0.2175572519083965 0.22328244274809156
1 0.6653944020356235 0.6812977099236639 0.21628498727735365 0.27480916030534325
1 0.6991094147582697 0.5438931297709924 0.1743002544529262 0.1297709923664122
1 0.4872773536895674 0.6269083969465649 0.21882951653944027 0.13549618320610687
1 0.2538167938931298 0.6459923664122138 0.21501272264631044 0.19274809160305342
1 0.08460559796437658 0.6479007633587781 0.16921119592875317 0.15839694656488543
1 0.3155216284987277 0.4541984732824427 0.18320610687022895 0.20992366412213742
1 0.26717557251908397 0.3683206106870229 0.21119592875318066 0.17557251908396945
1 0.6284987277353686 0.45038167938931295 0.23918575063613223 0.23664122137404575
1 0.5286259541984731 0.2958015267175573 0.25318066157760816 0.17938931297709926
1 0.4732824427480915 0.3950381679389314 0.18829516539440203 0.15648854961832065
