1 0.18123667377398722 0.9559659090909091 0.08102345415778255 0.06818181818181816
1 0.23987206823027718 0.9637784090909091 0.057569296375266525 0.04971590909090909
1 0.17674412927163577 0.7279945483107834 0.09929445464698639 0.08378909899235752
1 0.25948950814412447 0.7487213254299454 0.04766133823055348 0.07761516538239426
1 0.3045029942507583 0.7681251167755441 0.03706992973487494 0.05821137403679573
1 0.3455447021715127 0.7778270124483433 0.058252746726232055 0.051155449911123425
1 0.32965758942799483 0.6389135062241716 0.055604894602312376 0.07144123177243115
1 0.33031955245897493 0.5070559241256727 0.062224524912111695 0.06173933609963302
1 0.474627493212595 0.35579455068157395 0.10459015889482566 0.06614928867817695
1 0.39850174464990545 0.42547180142258706 0.06884415522191058 0.07320521280384927
1 0.3733471494726689 0.4739812797865835 0.045013486106633784 0.05380142145825067
1 0.4037974488977447 0.5013229857735634 0.045013486106633846 0.04850947836399647
1 0.3488545173264122 0.5471864925904327 0.046337412168593654 0.052037440426832615
