1 0.3215258855585831 0.8145454545454546 0.12534059945504086 0.08727272727272728
1 0.4305177111716621 0.7709090909090908 0.0653950953678474 0.06545454545454546
1 0.3569482288828338 0.7090909090909091 0.09809264305177115 0.08363636363636363
1 0.2138964577656676 0.9136363636363636 0.1008174386920981 0.08181818181818182
1 0.22207084468664853 0.8445454545454545 0.08991825613079019 0.08181818181818182
1 0.32561307901907355 0.23909090909090908 0.1226158038147139 0.07454545454545454
1 0.2506811989100817 0.760909090909091 0.07084468664850138 0.07454545454545454
1 0.21117166212534064 0.7836363636363637 0.07901907356948229 0.06909090909090909
1 0.23841961852861038 0.6709090909090909 0.09536784741144415 0.08
1 0.2016348773841962 0.7109090909090909 0.07629427792915532 0.07272727272727272
1 0.4305177111716621 0.6318181818181818 0.08719346049046321 0.06363636363636363
1 0.43188010899182566 0.6918181818181818 0.09536784741144415 0.06727272727272728
1 0.24931880108991827 0.5981818181818181 0.1226158038147139 0.06545454545454546
1 0.3719346049046321 0.5454545454545453 0.10081743869209799 0.08363636363636344
1 0.2847411444141689 0.4354545454545455 0.10626702997275204 0.08545454545454545
1 0.2847411444141689 0.5445454545454544 0.08446866485013624 0.06363636363636363
1 0.4032697547683924 0.43818181818181823 0.08719346049046321 0.08
1 0.3583106267029973 0.3527272727272727 0.08991825613079019 0.06545454545454546
1 0.2356948228882834 0.32363636363636367 0.08991825613079019 0.061818181818181814
1 0.2343324250681199 0.25272727272727274 0.09264305177111715 0.07272727272727272
1 0.3446866485013624 0.13363636363636364 0.11171662125340599 0.07818181818181819
1 0.4482288828337875 0.21 0.1008174386920981 0.1
1 0.4455040871934605 0.3363636363636364 0.1008174386920981 0.09818181818181819
1 0.4482288828337876 0.09818181818181819 0.08446866485013624 0.08727272727272728
1 0.2465940054495913 0.17454545454545453 0.13896457765667575 0.09454545454545454
1 0.25204359673024523 0.0909090909090909 0.1008174386920981 0.07272727272727272
1 0.32288828337874653 0.056363636363636366 0.14441416893732967 0.06909090909090909
1 0.22070844686648503 0.47181818181818186 0.0653950953678474 0.056363636363636366
1 0.22207084468664853 0.5372727272727275 0.06811989100817441 0.06
