1 0.41858161648177494 0.9461172741679874 0.011489698890649762 0.03380876914949815
1 0.4851426307448494 0.9648705758055995 0.01624405705229794 0.029054410987849978
1 0.4209587955625991 0.9112519809825674 0.017828843106180665 0.028526148969889066
1 0.4528526148969889 0.8985736925515055 0.014263074484944537 0.02746962493396725
1 0.5194136291600634 0.9566825145272055 0.01584786053882726 0.032752245113576335
1 0.4160063391442154 0.7992604331748546 0.014263074484944537 0.03592181722134179
1 0.411648177496038 0.7363972530375067 0.011885895404120444 0.032752245113576335
1 0.4405705229793979 0.7231907025884838 0.018225039619651346 0.032752245113576335
1 0.41838351822503966 0.8602746962493397 0.018225039619651346 0.031167459059693606
1 0.4811806656101426 0.8026941362916007 0.017036450079239308 0.032223983095615416
1 0.46255942947702045 0.731378763866878 0.017036450079239308 0.032223983095615416
1 0.47979397781299526 0.7221341785525621 0.019809825673534075 0.03592181722134179
1 0.4821711568938194 0.6608557844690965 0.016640253565768617 0.03380876914949815
1 0.49603803486529313 0.6914949815108293 0.03248811410459588 0.02746962493396725
1 0.518621236133122 0.8769149498151081 0.013470681458003174 0.030639197041732708
1 0.5093106180665612 0.8164289487585842 0.013866877971473847 0.03328050713153724
1 0.5043581616481775 0.7702060221870047 0.014263074484944537 0.03486529318541997
1 0.4954437400950871 0.7242472266244058 0.013866877971473847 0.03803486529318543
1 0.5081220285261491 0.6484416270470154 0.011489698890649762 0.03539355520338087
1 0.5217908082408875 0.6944004226096143 0.013470681458003174 0.03433703116745906
1 0.5350633914421553 0.7028526148969887 0.013866877971473847 0.03433703116745906
1 0.5530903328050714 0.7152667723190702 0.013470681458003174 0.03486529318541997
1 0.5231774960380349 0.7260961436872689 0.017828843106180665 0.026941362916006347
1 0.5154516640253565 0.749339672477549 0.028526148969889073 0.013206550449022716
1 0.5479397781299524 0.7490755414685684 0.016640253565768617 0.028526148969889066
1 0.49504754358161646 0.6151611199154781 0.01624405705229794 0.03645007923930269
1 0.522781299524564 0.7929212889593238 0.012282091917591125 0.02746962493396725
1 0.5202060221870047 0.840729001584786 0.011093502377179081 0.03433703116745906
1 0.5320919175911252 0.8399366085578447 0.011093502377179081 0.029582673005810883
1 0.5338748019017433 0.7910723718964607 0.007527733755942948 0.03539355520338087
1 0.5269413629160062 0.7614896988906499 0.027733755942947694 0.013206550449022716
1 0.5309033280507132 0.9131008980454305 0.010301109350237718 0.0375066032752245
1 0.5166402535657685 0.910987849973587 0.014263074484944537 0.03539355520338087
1 0.5043581616481775 0.8652931854199682 0.012678288431061805 0.030639197041732708
1 0.5423930269413629 0.8111463285789752 0.011885895404120444 0.03645007923930269
1 0.5641838351822503 0.8048071843634443 0.016640253565768617 0.04067617538298995
1 0.55824088748019 0.8386159535129424 0.011885895404120444 0.030110935023771792
1 0.5485340729001584 0.8578975171685157 0.01624405705229794 0.020073956682514528
1 0.536053882725832 0.8771790808240888 0.01584786053882726 0.026941362916006347
1 0.5798335974643425 0.8745377707342841 0.014659270998415215 0.0375066032752245
1 0.5832012678288431 0.9117802430005283 0.017432646592709985 0.03486529318541997
1 0.5786450079239303 0.9252509244585315 0.020998415213946117 0.04067617538298995
1 0.5507131537242471 0.9532488114104596 0.011885895404120444 0.029054410987849978
1 0.5433835182250396 0.9270998415213946 0.01624405705229794 0.017960908610670893
1 0.5600237717908082 0.928948758584258 0.013074484944532488 0.02271526677231907
1 0.5505150554675119 0.8969889064976229 0.018621236133122027 0.03169572107765452
1 0.5802297939778129 0.8314844162704701 0.013866877971473847 0.036978341257263604
1 0.5768621236133122 0.7847332276809297 0.014263074484944537 0.031167459059693606
1 0.4772187004754358 0.6048600105652405 0.01624405705229794 0.029582673005810883
1 0.4683042789223456 0.5641838351822506 0.01901743264659271 0.03803486529318543
1 0.5495245641838351 0.561014263074485 0.017432646592709985 0.02641310089804543
1 0.5520998415213946 0.5372424722662441 0.017036450079239308 0.03592181722134179
1 0.49049128367670375 0.5652403592181723 0.013470681458003174 0.032752245113576335
1 0.5023771790808241 0.5657686212361331 0.022979397781299524 0.03169572107765452
1 0.5136687797147385 0.5472794506075013 0.02496038034865293 0.03380876914949815
1 0.4669175911251982 0.5279978869519281 0.017036450079239308 0.020602218700475437
1 0.4851426307448496 0.537242472266244 0.017828843106180665 0.029582673005810883
1 0.49603803486529313 0.5137348124669836 0.015055467511885896 0.025884838880084523
1 0.40491283676703643 0.48837823560485993 0.015055467511885896 0.026941362916006347
1 0.44473058637084 0.48468040147913366 0.012282091917591125 0.04067617538298995
1 0.4675118858954041 0.4775488642366614 0.014263074484944537 0.03486529318541997
1 0.454635499207607 0.49234020073956686 0.008320126782884308 0.040147913365029056
1 0.4928684627575277 0.4833597464342314 0.01584786053882726 0.03803486529318543
1 0.5091125198098257 0.497094558901215 0.014263074484944537 0.028526148969889066
1 0.5063391442155308 0.46460644479661917 0.017432646592709985 0.03328050713153724
1 0.5489302694136292 0.445324881141046 0.013074484944532488 0.03803486529318543
1 0.4500792393026941 0.4498151082937137 0.014263074484944537 0.02271526677231907
1 0.43284469096671946 0.47332276809297413 0.010697305863708399 0.032752245113576335
1 0.4047147385103011 0.46143687268885375 0.013866877971473847 0.025884838880084523
1 0.401743264659271 0.4292128895932382 0.009508716323296355 0.03539355520338087
1 0.42769413629160064 0.44057052297939775 0.014659270998415215 0.029582673005810883
1 0.41798732171156894 0.4469096671949287 0.010301109350237718 0.029582673005810883
1 0.4631537242472266 0.42709984152139463 0.011885895404120444 0.032223983095615416
1 0.48751980982567356 0.424986793449551 0.013074484944532488 0.03328050713153724
1 0.5015847860538828 0.41072371896460647 0.019809825673534075 0.031167459059693606
1 0.4649366085578447 0.33571051241415745 0.014659270998415215 0.031167459059693606
1 0.4815768621236133 0.37295298468040144 0.01624405705229794 0.029582673005810883
1 0.5015847860538828 0.3832540940306392 0.018225039619651346 0.025884838880084523
1 0.5221870047543582 0.3869519281563656 0.014263074484944537 0.03328050713153724
1 0.47761489698890647 0.3985736925515056 0.02496038034865293 0.018489170628631802
1 0.5400158478605388 0.401743264659271 0.013470681458003174 0.032223983095615416
1 0.4124405705229793 0.0763338615953513 0.011885895404120444 0.032223983095615416
1 0.4358161648177496 0.09059693608029583 0.011093502377179081 0.024828314844162706
1 0.44908874801901755 0.09614368726888538 0.01624405705229794 0.032752245113576335
1 0.5047543581616482 0.11489698890649763 0.013470681458003174 0.04067617538298995
1 0.45760697305863707 0.1817221341785525 0.01584786053882726 0.03803486529318543
1 0.420958795562599 0.11621764395139988 0.009904912836767038 0.03169572107765452
1 0.426703645007924 0.15530903328050719 0.011093502377179081 0.03803486529318543
1 0.432052297939778 0.12308505018489171 0.011489698890649762 0.02641310089804543
1 0.4439381933438986 0.1294241944004226 0.013866877971473847 0.02535657686212361
1 0.43997622820919163 0.1600633914421553 0.012282091917591125 0.03592181722134179
1 0.524960380348653 0.138932910723719 0.022187004754358162 0.03803486529318543
1 0.422741679873217 0.19783412572636028 0.011885895404120444 0.027997886951928157
1 0.4352218700475436 0.21658742736397255 0.013866877971473847 0.03486529318541997
1 0.4124405705229794 0.24590596936080295 0.013470681458003174 0.03856312731114633
1 0.4284865293185421 0.2786582144743793 0.009904912836767038 0.031167459059693606
1 0.44671156893819336 0.28394083465398834 0.017828843106180665 0.03645007923930269
1 0.4263074484944533 0.31722134178552563 0.012678288431061805 0.016376122556788168
1 0.44274960380348655 0.3362387744321184 0.02496038034865293 0.012150026413100899
1 0.41065768621236126 0.37717908082408874 0.009112519809825673 0.02746962493396725
1 0.43720285261489716 0.35631273111463296 0.013074484944532488 0.024828314844162706
1 0.42927892234548337 0.3821975699947173 0.008320126782884308 0.03645007923930269
1 0.45146592709984146 0.3689910195456946 0.01624405705229794 0.03645007923930269
1 0.4074881141045959 0.40808240887480196 0.011489698890649762 0.029054410987849978
1 0.437202852614897 0.39593238246170104 0.005150554675118859 0.02165874273639725
1 0.449484944532488 0.4020073956682515 0.010697305863708399 0.032752245113576335
1 0.42432646592709977 0.4136291600633914 0.011885895404120444 0.02746962493396725
1 0.4413629160063392 0.43211833069202327 0.009508716323296355 0.03486529318541997
1 0.5077258320126783 0.19809825673534076 0.009904912836767038 0.03169572107765452
1 0.5419968304278924 0.10591653460116218 0.009508716323296355 0.027997886951928157
1 0.5445721077654517 0.17247754886423672 0.008320126782884308 0.030110935023771792
1 0.5243660855784469 0.21236133122028522 0.020206022187004756 0.02535657686212361
1 0.5461568938193344 0.36925515055467506 0.009112519809825673 0.023243528790279987
1 0.5455625990491285 0.3235604860010565 0.01584786053882726 0.026941362916006347
1 0.5463549920760697 0.2926571579503433 0.012678288431061805 0.022187004754358162
1 0.5168383518225039 0.24669836238774434 0.018621236133122027 0.03169572107765452
1 0.5263470681458005 0.23956682514527206 0.01624405705229794 0.025884838880084523
1 0.5423930269413629 0.22503961965134706 0.011885895404120444 0.02746962493396725
1 0.5451664025356577 0.2559429477020602 0.011093502377179081 0.030110935023771792
1 0.5406101426307448 0.28631801373481247 0.011489698890649762 0.030639197041732708
1 0.534270998415214 0.27205493924986796 0.015451664025356577 0.03380876914949815
