0 0.5288468013258489 0.5998835495435655 0.04033080487183148 0.036780224019652266
0 0.7785136886276625 0.7069789077184353 0.023046174212475134 0.024520149346434875
0 0.6992924647722794 0.7365473231067828 0.04513209116609706 0.06346391595547839
0 0.6589616599004477 0.7715245949686078 0.04513209116609723 0.03822258574591011
0 0.6128693114754976 0.7765728610105224 0.025926945989034455 0.026683691935826134
0 0.6532001163473299 0.7260902005913904 0.02784746050674073 0.02379896848330194
0 0.6075878965518055 0.7333020092226955 0.034569261318712775 0.023798968483304393
0 0.5698289614943848 0.7574608869853483 0.05081178789767051 0.05215631601749806
0 0.5514128469088974 0.7870299835259137 0.03168848954215324 0.03173195797773925
0 0.43858261899365475 0.7473650360537395 0.024966688730181402 0.034616681430261004
0 0.39111718923548144 0.6658184048308513 0.046714698047587856 0.05119631897577193
0 0.31027082456951716 0.6507483984720599 0.036979875479567034 0.054741689937519385
0 0.32748504960816405 0.6627466133947106 0.03935863360206724 0.05572980119582631
0 0.49523779726598927 0.733302009222694 0.036489775836418714 0.058415649913569866
0 0.46399024873539074 0.7783139395787018 0.06036317019922478 0.06457782941560027
0 0.561682863053993 0.7020597378102442 0.05076035292819085 0.05189837533238915
0 0.6012654868086669 0.706631262289738 0.032793431420433325 0.02597220139059381
0 0.6430025813437639 0.7052878725626384 0.04710329240389517 0.03134576029899252
0 0.5401504555251319 0.7265582099083834 0.03219718721278897 0.0362715226316914
0 0.530610548202824 0.7592473599344747 0.03219718721278879 0.034480336328890734
0 0.4673876851564882 0.690834282848796 0.036256482069717606 0.032543494935203796
0 0.44117391705618786 0.660284316704799 0.04412207136567393 0.016568473300896155
0 0.48562221646828463 0.6863414160977155 0.05719005573112156 0.055501134851606654
0 0.38608595955800945 0.685238488573913 0.04450597452973483 0.04588566030734853
0 0.4269988274801266 0.6899438007337453 0.06116764644673438 0.09305359555231632
0 0.4691973948154671 0.7146916006523353 0.026234745136346164 0.041197284964388674
0 0.3516521027222044 0.6754554218480551 0.04409283911221763 0.07859491616576833
0 0.3498416329263804 0.637308564185308 0.05391289875353635 0.061376065078707284
