1 0.501865726586201 0.4419265504059826 0.08711017439100001 0.07433401548031815
1 0.6682461596730414 0.5551697771143076 0.08536797090319409 0.10104780229357402
1 0.7422898079054098 0.45702564730043255 0.069688139512812 0.07897989144785354
1 0.6778282788560587 0.45121830234103144 0.06271932556153077 0.08594870539913471
1 0.4099644926036877 0.5516853701386687 0.07578585172018305 0.10569367826109823
1 0.5144967018729056 0.6074358817489184 0.09669229357402663 0.05458904261836934
1 0.49054140391536755 0.528455990301061 0.09407898834229447 0.09175605035852857
1 0.22398427027887075 0.42043937405620624 0.05923491858589018 0.09640192632605657
1 0.9102765203772545 0.49303118604871865 0.08536797090319471 0.07665695346409312
1 0.982577965121797 0.5749147499762728 0.03484406975640613 0.05226610463460899
1 0.973866947682689 0.4883853100811962 0.05226610463460872 0.0673652015290484
