1 0.5714596408376312 0.5487510446652428 0.10252904989747096 0.10214504596527064
1 0.3951407444230411 0.4466059986999722 0.0854408749145591 0.08821617606091561
1 0.4930093829615362 0.4721422601912899 0.07301311129062321 0.07893026279134549
1 0.381578947368421 0.5393258426966292 0.09398496240601503 0.10674157303370783
1 0.7105263157894737 0.5014044943820225 0.06390977443609021 0.058988764044943826
1 0.30827067669172936 0.49297752808988776 0.07518796992481203 0.10955056179775284
1 0.1907894736842105 0.6797752808988764 0.08834586466165413 0.08988764044943821
1 0.24436090225563908 0.5014044943820225 0.07142857142857141 0.0702247191011236
1 0.09022556390977442 0.49157303370786515 0.10526315789473684 0.10112359550561795
1 0.06578947368421051 0.5856741573033707 0.06766917293233082 0.09269662921348316
