0 0.5803571428571428 0.27167630057803466 0.035714285714285705 0.10019267822736029
0 0.6232142857142857 0.27456647398843936 0.04642857142857143 0.09055876685934489
0 0.5330357142857143 0.3159922928709055 0.044642857142857144 0.0770712909441233
0 0.5008928571428573 0.6416184971098265 0.044642857142857144 0.10019267822736029
0 0.45 0.36030828516377644 0.04642857142857143 0.10019267822736029
0 0.4419642857142857 0.44508670520231214 0.0375 0.08477842003853564
0 0.48571428571428577 0.396917148362235 0.04285714285714286 0.10019267822736029
0 0.5258928571428572 0.3834296724470134 0.041071428571428564 0.08863198458574181
0 0.5741267183273695 0.35999385444803844 0.03207238238941922 0.08206574915828256
0 0.6204025843463886 0.3594994824651572 0.056813934518399584 0.0731670534664206
0 0.5658795342843761 0.43662151179462755 0.03757050508474821 0.08898695691861958
0 0.5269344985257959 0.4697444346476692 0.03848685886730304 0.08206574915828245
0 0.48294951696316374 0.48259810620258103 0.04215227399752228 0.07020082156913329
0 0.4792841018329444 0.554776415703239 0.04031956643241261 0.08799821295285719
0 0.5182291375915248 0.5547764157032392 0.035737797519638445 0.07020082156913329
0 0.5475524586332795 0.6071798458886484 0.052232165605625526 0.09590816467895671
0 0.6121554003033951 0.4420596036063209 0.05498122695328992 0.08799821295285713
0 0.6387296599974853 0.6180560295120352 0.043984981562632045 0.09590816467895671
