1 0.14104595879556264 0.5689381933438985 0.053882725832012694 0.06656101426307448
1 0.20443740095087162 0.5673534072900158 0.06656101426307447 0.05071315372424722
1 0.41481774960380347 0.6500264131008978 0.04833597464342314 0.06814580031695723
1 0.5594294770206022 0.7052297939778129 0.05071315372424722 0.04965662968832515
1 0.538827258320127 0.6489698890649762 0.057052297939778146 0.0554675118858954
1 0.5986529318541998 0.6584786053882725 0.06259904912836767 0.06286318013734812
1 0.4675118858954041 0.6019545694664553 0.06497622820919176 0.07448494453248813
1 0.5344690966719492 0.2876386687797148 0.05150554675118859 0.06603275224511358
1 0.46038034865293187 0.40517696777601686 0.05071315372424722 0.06867406233491812
1 0.5146592709984152 0.4112519809825674 0.04675118858954041 0.06286318013734812
1 0.4702852614896989 0.4746434231378764 0.07686212361331218 0.042789223454833596
1 0.5233755942947703 0.48917062863180144 0.059429477020602216 0.040147913365029056
1 0.5455625990491282 0.44849445324881143 0.041996830427892234 0.04965662968832541
1 0.5273375594294771 0.540147913365029 0.04675118858954041 0.06075013206550449
1 0.5812202852614896 0.4754358161648177 0.04041204437400951 0.06444796619123083
1 0.5923137876386688 0.25277337559429475 0.04833597464342314 0.06708927628103539
1 0.6473851030110935 0.29926043317485473 0.03961965134706815 0.06920232435287903
1 0.716323296354992 0.12229265715795036 0.05229793977812995 0.06814580031695723
