1 0.4863760217983652 0.11727272727272726 0.07356948228882836 0.07818181818181819
1 0.659400544959128 0.07 0.054495912806539495 0.06
1 0.5953678474114441 0.16545454545454547 0.07901907356948229 0.061818181818181814
1 0.5544959128065394 0.7890909090909091 0.07356948228882836 0.07636363636363637
1 0.5899182561307903 0.6636363636363636 0.04632152588555857 0.07636363636363637
1 0.46866485013623965 0.5627272727272729 0.08174386920980928 0.04181818181818182
1 0.5776566757493188 0.3745454545454545 0.054495912806539495 0.07272727272727272
1 0.6702997275204359 0.29999999999999993 0.054495912806539495 0.06909090909090909
1 0.7343324250681197 0.4345454545454545 0.04087193460490464 0.04727272727272727
1 0.6403269754768393 0.4345454545454545 0.0653950953678474 0.07272727272727272
1 0.542234332425068 0.5736363636363637 0.054495912806539495 0.06363636363636363
1 0.497275204359673 0.7090909090909091 0.04632152588555857 0.06909090909090909
1 0.502724795640327 0.6118181818181819 0.07901907356948229 0.06363636363636363
1 0.49182561307901906 0.6609090909090909 0.09536784741144415 0.056363636363636366
1 0.6294277929155314 0.5536363636363636 0.05994550408719346 0.07454545454545454
