1 0.5958335928345423 0.10046706779763728 0.05923491858589016 0.03600553874828618
1 0.6271932556153078 0.16957447281450913 0.048781697658968316 0.05575051161024956
1 0.5644739300537771 0.12485791662712145 0.052266104634609026 0.0545890426183694
1 0.703850209079401 0.34031041462089845 0.052266104634608936 0.0627193255615308
1 0.6193533399201165 0.22474424992881858 0.04355508719550753 0.054589042618369374
1 0.6089001189931946 0.3054663448644926 0.06446152904935112 0.07201107749657236
1 0.6263221538713976 0.3937379882473877 0.06794593602499165 0.06736520152905155
1 0.7291121596527954 0.4175481025809317 0.04355508719550745 0.0545890426183694
1 0.6933969881524792 0.45355364132921794 0.06271932556153077 0.10801661624485857
1 0.5313720637851904 0.5725794109880854 0.07665695346409154 0.1138239612042614
1 0.5827670666758886 0.6045198082647907 0.05052390114679108 0.06620373253717375
1 0.6489707992130614 0.5807096939312477 0.047039494171148055 0.07665695346409321
1 0.7517608049944592 0.7351850698513143 0.06794593602499174 0.07201107749657236
1 0.5487940986633943 0.7979043954128451 0.08014136043973374 0.06968813951281191
1 0.6238977489773461 0.8669790245513072 0.14324658739124493 0.12851631238380123
1 0.7848626712630449 0.8344906686570713 0.06446152904935112 0.0685266705209318
1 0.7996714009095175 0.9094054186333441 0.052266104634608936 0.06271932556153074
1 0.6820726654816462 0.9471531608694493 0.05749271509806819 0.07781842245597158
