1 0.6532269417887581 0.17952571807604858 0.036637901648171455 0.01954021421235867
1 0.5881946663632498 0.20822540770045073 0.02992095301267475 0.02320400437717631
1 0.375947612370723 0.3248459466847169 0.028368570682239067 0.03578768354366122
1 0.4004323486687412 0.33991426468663677 0.029158920825805693 0.02930373146023925
1 0.35414527811868524 0.3220432068062262 0.022640729633098145 0.031182704673387213
1 0.441651608614275 0.3597308656837725 0.027478426236129824 0.02849614572635693
1 0.32440111747819134 0.3413777576816643 0.02969871117327102 0.02912268245972754
1 0.37386294172143686 0.35721954106968823 0.017708319129950315 0.019133126416268225
1 0.3503536214971924 0.3614939629286418 0.010991370494451933 0.023611092173267147
1 0.32295443332874074 0.3560869535224678 0.02236748101426908 0.028604268216953416
1 0.3344771974496507 0.3586443483560061 0.014655160659269233 0.026053618949812042
1 0.326956515471513 0.38786009533743554 0.025805512690988158 0.03107061729544924
1 0.4111114750637466 0.39874249627095154 0.021372109294767013 0.024018179969357276
1 0.3713320751550039 0.3950638004743488 0.03585422108059774 0.03289959702709851
1 0.3799530518681574 0.44240636109463105 0.03152146394784765 0.03187053885313958
1 0.32165393187279007 0.4545135243353925 0.019540214212358988 0.01994730200844984
1 0.34903014013542766 0.41881932621452106 0.017662900243609846 0.019176863121633296
1 0.5296963769129205 0.3486723795327569 0.015644283072911384 0.022877661267913445
1 0.5443313514004828 0.34917703382543147 0.013625665902213207 0.01715824595093508
1 0.46141945951519103 0.397396867560973 0.03494828375049824 0.025466191260052937
1 0.17149041561290992 0.562698549954053 0.024382523546859228 0.021673354263874865
1 0.13735488264730697 0.558363879101278 0.02763352668644047 0.016255015697906123
1 0.3342004928086863 0.5423538681902564 0.03889552924036959 0.04192134834676239
1 0.3726905288686952 0.5211251158660749 0.023643659196954374 0.027584269063113457
1 0.3579132418705987 0.5327006573479172 0.020688201797335094 0.03300260762908221
1 0.4148057968132703 0.5442761988297594 0.02659911659657374 0.020688201797335173
1 0.3963341880656495 0.5575757571280463 0.025121387896764037 0.024628811663494163
1 0.4325385412109844 0.6001836013058894 0.023643659196957684 0.027091692829840242
1 0.4055699924394599 0.6088036853881142 0.024382523546859183 0.02561396413003385
1 0.3582826740455511 0.6070796685716694 0.02733798094647855 0.02118077803060491
1 0.2988040938782127 0.6021539062389709 0.019210473097525434 0.02610654036330381
1 0.3218053706881037 0.6107455207282712 0.02989200074844849 0.025671012891107667
1 0.34793857314688353 0.6543669869655784 0.028815709646288167 0.024136235430224202
1 0.3435053870474546 0.6161923288871625 0.01699388004781096 0.01970304933079526
1 0.3261420748246912 0.6216106674531313 0.014777286998096488 0.018717896864255578
1 0.29030715385430717 0.638850835617577 0.019949337447430285 0.022658506730414675
1 0.3217088887252622 0.6573224443651978 0.022165930497144798 0.023151082963684514
1 0.2657811318593265 0.6291743587044981 0.026257162847858184 0.027681970134175216
1 0.22914323021115293 0.6385373780145871 0.018929582518222778 0.02279691658108548
1 0.24501965425869465 0.6438295193637675 0.01770831912995036 0.01954021421235903
1 0.2982025742152088 0.6781556474677493 0.021733362964315363 0.02456814943792139
1 0.28348945098927675 0.662555557983945 0.02625716284785794 0.015469336251450876
1 0.23341765207010648 0.6721221211920791 0.022593372683040118 0.016690599639723393
1 0.3339066710241218 0.6990049465787455 0.032207423090079706 0.032328229021069035
1 0.3662300455447341 0.7169017787620686 0.01831895082408657 0.02808905793026607
1 0.3879074706865699 0.7272825175623845 0.022593372683040118 0.024425267765448823
1 0.30405615721661666 0.694019371149657 0.03246079319947626 0.028240061214344792
1 0.25112597120005686 0.6865737379533031 0.01770831912995036 0.018726038620177424
1 0.26761302694173666 0.6829099477884865 0.014044528965132485 0.02523944335763149
1 0.25570570890607847 0.6662193481487623 0.028089057930266042 0.014655160659269244
1 0.4791969089599348 0.692069423200529 0.014655160659269273 0.0289032335224478
1 0.3186007734021091 0.7327782028096104 0.020761477600631448 0.02646070674590273
1 0.3756948368038456 0.755168031594605 0.018929582518222823 0.02157565319281306
1 0.36684067723887087 0.7901775820584147 0.020761477600630438 0.024018179969357976
1 0.34394198870876286 0.7975051623880494 0.01770831912994918 0.025646531153721317
1 0.3291172362437144 0.7538826662067248 0.029235372441777267 0.030177840413611535
1 0.3427207253204909 0.7724692629284645 0.018929582518223634 0.022796916581085635
1 0.3036402968957718 0.7702302800499649 0.02259337268304013 0.02564653115372114
1 0.27158213295362016 0.7657523142929661 0.01954021421235903 0.024832355561539624
1 0.20973783938182147 0.7257341642551143 0.02849252710952186 0.03149923240707125
1 0.2776884498949824 0.7134415324952967 0.01831895082408657 0.017911863027995807
1 0.22151033403445022 0.7240258151936578 0.019540214212358988 0.021168565396722253
1 0.2028860673632955 0.7569999266770137 0.014044528965133043 0.02279691658108548
1 0.2175412280225648 0.7600530851476947 0.0164870557416779 0.02727488233808446
1 0.24871438350737154 0.7413076604910555 0.0294520694887332 0.033956624776733405
1 0.2533582888997244 0.750444513742912 0.018156464176730367 0.02701751367925084
1 0.27305267265283023 0.7338768979473578 0.021047859710277096 0.02338389484839297
1 0.25662165644728324 0.7107954618207064 0.02869968962440149 0.01831895082408658
1 0.32104330017865396 0.8056469183098658 0.015876424047541738 0.0232040043771764
1 0.30669345536645276 0.8109390596590464 0.020150845906495237 0.0232040043771764
1 0.2871532411540938 0.7973016184900041 0.018929582518222823 0.028496145726356878
1 0.24471433841162654 0.7852925285053252 0.020761477600631448 0.016690599639723278
1 0.23860802147026433 0.8021866720430938 0.025646531153721206 0.026867794541993652
1 0.4145859234296644 0.7289907786947535 0.02809314010664721 0.030138723443632786
1 0.4330942160526501 0.7690090166616925 0.026257162847857424 0.02157565319281306
1 0.4532450619591455 0.7555751193906957 0.015265792353405482 0.019133126416268225
1 0.47736501387752606 0.729725044338929 0.017097687435814194 0.01954021421235903
1 0.4617939056770525 0.7413270465275175 0.018929582518222732 0.018318950824086612
1 0.2882181596322954 0.8280367470948606 0.015876424047541738 0.01750477523190501
1 0.0832099274508988 0.8231906334149017 0.029032303041151373 0.032845669276903494
1 0.03541663825990071 0.7368490807705186 0.015876424047541696 0.020761477600631448
1 0.05220900984864674 0.8223375179495893 0.015265792353405477 0.025646531153721237
1 0.024389188890661096 0.8059228181995161 0.02509377108890063 0.027643591782318993
1 0.16945029512280083 0.8373997664049493 0.01770831912995036 0.01750477523190488
1 0.020456161753563365 0.8312934494635889 0.021372109294767717 0.02320400437717643
1 0.08487780548493447 0.8376033103029947 0.029310321318538522 0.012212633882724411
1 0.2149423563359492 0.7997441452665491 0.025646531153721206 0.018726038620177424
1 0.30714774215051893 0.8392316614873593 0.020761477600631496 0.017097687435816473
1 0.5921621500441036 0.5105473756515819 0.033111761711383136 0.035661450186569826
