1 0.5181951313149661 0.2543827987638161 0.04599842306453869 0.0891508593647131
1 0.6222527472527473 0.38659793814432986 0.043956043956043966 0.07628865979381444
1 0.5796703296703296 0.40927835051546396 0.038461538461538464 0.09690721649484538
1 0.38186813186813173 0.39175257731958757 0.03296703296703297 0.09484536082474226
1 0.4127747252747252 0.4072164948453607 0.0453296703296703 0.08041237113402079
1 0.47458791208791196 0.5804123711340207 0.028846153846153844 0.07628865979381444
1 0.5164835164835165 0.6536082474226803 0.03296703296703297 0.05360824742268041
1 0.6119505494505495 0.7680412371134021 0.028846153846153844 0.05567010309278351
1 0.5013736263736264 0.7082474226804123 0.03296703296703297 0.05154639175257732
1 0.4567307692307692 0.6484536082474227 0.03159340659340659 0.07216494845360823
1 0.35989010989010983 0.6618556701030927 0.03571428571428572 0.07010309278350516
1 0.4292582417582416 0.7020618556701029 0.03434065934065934 0.06804123711340206
1 0.4773977815095228 0.8470101069988268 0.029851986685536257 0.06785325798378394
1 0.6074671520679309 0.8898984870451808 0.018764105916622826 0.053770506326772244
1 0.4978677152367476 0.8911787371958182 0.03667529792794459 0.028165503314023545
1 0.4449870531080833 0.8265261045886279 0.024734503253730077 0.06273225738123414
1 0.43176688757591725 0.8982201130243243 0.023881589348429016 0.07297425858633362
1 0.45522201997169576 0.9449492435225905 0.03326364230674038 0.05633100662804709
1 0.38272433802110795 0.9615924954808769 0.024734503253729268 0.06145200723059682
1 0.4031942717483325 0.9295862417149418 0.026440331064331905 0.06145200723059762
1 0.39935615917447786 0.733067843592095 0.02046993372722489 0.08065575949015832
1 0.42281129157025665 0.7554722212282503 0.026440331064331662 0.05377050632677216
1 0.37931268239990346 0.8111631027809787 0.021322847632525878 0.07041375828505879
1 0.4147086094698966 0.801561226651198 0.02217576153782695 0.05633100662804709
1 0.3976503313638758 0.8630132338817945 0.02899907278023527 0.06401250753187161
1 0.36483502275091945 0.8991878371594759 0.024553830870261976 0.051309416212739815
1 0.42020150412504054 0.8691971220492124 0.0187764589007885 0.04914141271079308
1 0.364353575086797 0.9497745855382336 0.01877645890078886 0.039746730869023965
1 0.3831300339875858 0.7546542703630255 0.024553830870262357 0.045528073540881876
