1 0.5944303630254044 0.28235107314088304 0.054697368746955466 0.26644566135066255
1 0.5701974766674237 0.514428063305455 0.029710135353017256 0.040223691639452136
1 0.6331130574149901 0.38938484799150636 0.03087523870019464 0.04721911627240038
1 0.5428175480087601 0.5616471795778546 0.0413611688247895 0.047219116272400184
1 0.5879653027118735 0.47158108742864635 0.031457790373784635 0.04197254779768902
1 0.42019042071836504 0.5664565340130077 0.02679737698507463 0.055088968984466996
1 0.3724211834841016 0.465460090874818 0.04194372049837756 0.036725979322978115
1 0.4295112474957823 0.38326385143767666 0.02563227363789739 0.041972547797689226
1 0.5066993442462685 0.33254702284880155 0.037865858783257045 0.05421454090534856
1 0.5582551673588568 0.3968174866640123 0.030292687026603912 0.05334011282622976
1 0.5407786171512002 0.44928317141112517 0.03378799706813806 0.04284697587680796
1 0.5107772059613888 0.4672089470330551 0.03087523870019464 0.052465684747111475
1 0.2917377766920837 0.3456634440355801 0.043691375519143344 0.04197254779768915
1 0.3957232504276448 0.4051245534156398 0.03029268702660602 0.05421454090534853
1 0.45193948692894204 0.44316217485729437 0.028545032005839625 0.048093544351518684
1 0.47203751966774843 0.48775800689234033 0.029127583679428862 0.04284697587680774
1 0.5116510334717717 0.5371631933625372 0.030292687026605942 0.055963397063585586
1 0.5381571346200517 0.4951906455648469 0.03204034204737204 0.04372140395592613
1 0.5058255167358859 0.37758006892340623 0.026797376985074547 0.03410269508562248
1 0.4801932430979885 0.378891711042084 0.022136963596365987 0.04547026011416326
1 0.41553000732965645 0.43092018174963626 0.03145779037378318 0.03934926356033358
1 0.4341567523385706 0.8543068927323848 0.03632730905458178 0.04941637556445416
1 0.5544379784682287 0.15534214825540588 0.03908921729779324 0.04905541523854913
1 0.49772657304438084 0.2221921749040172 0.04357486518442562 0.05001728612557963
1 0.4419763778819539 0.20920691792910678 0.03332195572926667 0.04136044814230651
1 0.49195931147585364 0.278461621795294 0.03204034204737167 0.043284189916366414
1 0.4557537249623238 0.26355262304632343 0.03011792152452943 0.05386476967370115
0 0.4694143811169535 0.44783150269297073 0.10132617194976076 0.2816550331402319
