0 0.5240083507306889 0.39341692789968646 0.09185803757828809 0.11598746081504702
1 0.46936049648977407 0.3363202553919298 0.022390406411318925 0.02831217204031487
1 0.5777772012182658 0.6539474354692117 0.022390406411318863 0.0300816827928345
1 0.482323363359485 0.49734573387122033 0.015319751755113041 0.03185119354535422
1 0.42516890488848674 0.6566017015979912 0.018855079083215893 0.02477315053527549
1 0.4281150109952391 0.6097096666562198 0.020033521525916923 0.03362070429787387
1 0.40296371790405544 0.5255404930539094 0.016108438595209343 0.02356770350534519
1 0.3814857997771097 0.5965537049318578 0.018586659917549257 0.022947500781520323
1 0.39552905393703575 0.570505190531213 0.016108438595209343 0.015505068095621865
1 0.4021376441299422 0.5509688047307292 0.016108438595209343 0.021086892610045736
1 0.3928443141711675 0.46848184246202096 0.014043254159926072 0.019846487162396006
1 0.3064013735544763 0.34931601822800745 0.01164013045341467 0.021425185004859286
1 0.3368159079650112 0.3701773825748441 0.012391106611699504 0.020297543688814073
1 0.395392048311227 0.40682572534631395 0.00938720197856016 0.022552826320904495
1 0.3308080986987328 0.3879377333025565 0.01164013045341467 0.01747844039870102
1 0.4385250768822707 0.8004354458647569 0.017377960687582513 0.02329837429845509
1 0.38514991191326714 0.7876213400006066 0.011171546156303036 0.0135130570931039
1 0.3833285409378683 0.8831575947563409 0.024672613399126953 0.02849814762040477
1 0.44026534108969967 0.9686520376175549 0.024672613399127023 0.03419777714448569
1 0.4639890078196295 0.9814762040467369 0.022774720060732577 0.03704759190652606
1 0.34157488749319176 0.5540039897406668 0.024672613399127023 0.03134796238244514
1 0.322595954109248 0.6124251923624965 0.020876826722338263 0.028498147620404674
