1 0.776338994120225 0.12768474292702792 0.0838097674402764 0.07951830344484073
1 0.6253804371043051 0.1966006059125566 0.1029951358904606 0.08709147520149213
1 0.6102340935910024 0.31549940249198544 0.08280001120605714 0.07951830344484109
1 0.7440267946251778 0.27763354370872756 0.05351708041367049 0.06740122863419931
1 0.6910145923286183 0.2836920811140492 0.08683903614293735 0.06740122863419847
1 0.629924340158296 0.4063774635718037 0.0898683048455979 0.0780036690935106
1 0.7091902045445818 0.3995616089908174 0.06260488652165247 0.06891586298552876
1 0.6965682516168293 0.4537097870508755 0.035341468197706616 0.05452683664789076
1 0.6566828803651313 0.5199750399215763 0.07270244886385452 0.0628573255802075
1 0.7935048501019688 0.6354086161600399 0.035341468197707046 0.03862317595892273
1 0.7919902157506384 0.6679732547136413 0.03231219949504637 0.02196219809428937
1 0.7586682600213718 0.7346171661721747 0.028273174558165692 0.032564638553601505
1 0.6748584925810951 0.5717939734041672 0.04644878677412922 0.04013781031025293
1 0.5824657971499466 0.6448750808558542 0.057556105350551376 0.05755610535055149
1 0.5218804230967345 0.6528269112003383 0.043419518071468675 0.04619634771557415
1 0.5557072569431113 0.6054945877212664 0.07674147380073525 0.04240976183724854
1 0.6677901989415537 0.6232915413493975 0.048468299242569624 0.055284153823555976
1 0.6405267806176081 0.599436050315945 0.048468299242569624 0.04695366489123935
1 0.634468243212287 0.69864460032808 0.04442927430568881 0.037865858783257524
1 0.6031657999514608 0.7391610692261655 0.04644878677412928 0.04316707901291364
1 0.6380023900320577 0.7675604633136086 0.035341468197707046 0.05301220229656057
1 0.5097633482860922 0.7977963140974047 0.04140000560302827 0.03635122443192722
1 0.5834755533841669 0.7837859463475995 0.03736098066614745 0.04468171336424395
1 0.5350072541415972 0.6917719095042836 0.03736098066614745 0.028778052675275795
1 0.5420755477811386 0.7224432551187222 0.051497567945230166 0.026506101148280184
1 0.5218804230967345 0.7406188673346858 0.04140000560302827 0.023476832445619676
1 0.5228901793309546 0.7637170411924729 0.035341468197707046 0.025748783972615083
1 0.5582316475286617 0.8409633931103183 0.04140000560302827 0.048468299242569755
1 0.5244048136822851 0.8345261971171644 0.04039024936880798 0.029535369850940896
1 0.5244048136822851 0.8674694942585985 0.04240976183724854 0.02726341832394549
1 0.5814560409157263 0.8811012034205713 0.04140000560302827 0.042409761837248434
1 0.6046804343027911 0.8186225364281964 0.03938049313458787 0.03710854160759242
1 0.6046804343027911 0.8674694942585985 0.03736098066614745 0.04240976183724834
1 0.5178413981598537 0.8992768156365349 0.04947805547678989 0.024234149621284774
1 0.5748926253932951 0.922374989494322 0.03837073690036766 0.03407927290493171
1 0.5693389661050839 0.9481237734669371 0.035341468197707046 0.02347683244561958
1 0.5062292014663214 0.9776591433178781 0.03837073690036766 0.03710854160759242
1 0.6006414093659103 0.965163409919403 0.0414000056030282 0.034836590080596905
