1 0.12007042253521125 0.8880084521922873 0.04295774647887324 0.04965662968832541
1 0.7035211267605633 0.03248811410459587 0.07042253521126761 0.06286318013734812
0 0.46443661971830996 0.5010565240359218 0.03028169014084507 0.03328050713153724
0 0.5165492957746479 0.5132065504490226 0.024647887323943657 0.029054410987849978
0 0.5609154929577465 0.5103011093502378 0.03028169014084507 0.020073956682514528
0 0.6559859154929577 0.5060750132065505 0.03732394366197183 0.024300052826201797
0 0.35176056338028167 0.6254622292657157 0.1795774647887324 0.26307448494453245
0 0.5693661971830986 0.6870047543581616 0.2387323943661972 0.3132593766508188
0 0.8154929577464789 0.346539883782356 0.11690140845070422 0.14368726888536715
0 0.3496478873239437 0.40279978869519284 0.13450704225352111 0.17274167987321712
0 0.7644366197183098 0.59297411516112 0.11338028169014085 0.20021130480718438
