1 0.2356948228882834 0.6127272727272727 0.07356948228882834 0.0690909090909091
1 0.34604904632152583 0.5309090909090909 0.09264305177111716 0.08
0 0.5081743869209809 0.8518181818181817 0.11171662125340599 0.09272727272727273
1 0.6679904279425078 0.5134832503870941 0.08063083709451828 0.051384657061562804
1 0.7522451228839708 0.4300587483342037 0.046204187548544204 0.05622086007912168
1 0.7436384604974772 0.5340371132117192 0.05435786770416962 0.053802758570342356
1 0.6516830676312569 0.5624498059398774 0.05163997431896121 0.04533940328961421
1 0.7431854782666091 0.2937382757767636 0.06251154785979504 0.07254304526338283
1 0.5565567991489598 0.372326574812095 0.053451903242433534 0.04473487791241945
1 0.9245165301942564 0.5152424192347312 0.045098367326549045 0.05841564991356521
1 0.930485431752182 0.452401341297411 0.03050771907384213 0.049564793866055445
1 0.8966616562572702 0.4811666234518181 0.045098367326549045 0.05576039309931243
1 0.9284957978995401 0.29839644607073856 0.05305690273711657 0.049564793866055445
1 0.7998328087620322 0.24971673780943413 0.06101543814768409 0.031863081771035646
1 0.8197291472884509 0.1943988875124973 0.05040405760026078 0.05753056430881434
1 0.6058766686936609 0.5954090478850522 0.0625938810041133 0.0567605398326811
1 0.6074816400014584 0.7073236971777912 0.05296405315732662 0.07282484355891153
1 0.7422992298564719 0.6414600519002464 0.11074302023804669 0.04176718968819924
1 0.6476059226964029 0.6377117143641258 0.059383938388517826 0.06211530774142437
1 0.7310644307018873 0.5772028369953245 0.052964053157326704 0.05461863266918374
1 0.690137662353044 0.5729190226683295 0.051359081849528886 0.07603770430415756
1 0.6813103201601564 0.6050476301207905 0.05938393838851766 0.0481929111786915
