1 0.5194924674707927 0.13527604819966338 0.04518231285324293 0.0478073678892619
1 0.6103705285506108 0.17151711740603934 0.03594047613326134 0.03701215578523501
1 0.6956008005237737 0.1942641714823817 0.04826292509323675 0.03932541552181221
1 0.8907062423900498 0.11368562399160963 0.035940476133261415 0.032385636312080635
1 0.8419298819234808 0.2189389420058717 0.04723605434657207 0.0269880302600672
1 0.7787773310036072 0.2536378380545295 0.05647789106655368 0.025445857102349125
1 0.5359223994174266 0.20120395069211328 0.059558503306547446 0.03624106920637595
1 0.6981679773904352 0.2709872860788584 0.03696734687992595 0.030843463154362524
1 0.7721026711502873 0.3095416150218116 0.055451020319888994 0.035469982627516855
1 0.5877793721239892 0.32072237041526797 0.04210170061324908 0.03932541552181223
1 0.6237198482572509 0.29913194620721417 0.04415544210657831 0.028530203417785328
1 0.6493916169238662 0.283710214630033 0.035940476133261415 0.030072376575503455
1 0.6452161570273767 0.32766214962499957 0.04004795911991985 0.03315672289093972
1 0.716583673920567 0.3361441019924492 0.03696734687992609 0.03161454973322154
1 0.7776824833471114 0.37546951751426144 0.03183299314660309 0.0269880302600672
1 0.6000338441741337 0.3935900521174494 0.04620918359990747 0.024674770523490007
1 0.6852641161472962 0.3596622426476507 0.04004795911991985 0.02313259736577188
1 0.6647267012140045 0.4248190585612415 0.03388673463993218 0.030072376575503455
1 0.7109358848139118 0.4279034048766777 0.035940476133261415 0.03161454973322159
1 0.7720346942404562 0.42366242869295284 0.04723605434657222 0.026216943681208135
1 0.7278792521338779 0.3793249504085568 0.04518231285324299 0.028530203417785328
1 0.6975865651072718 0.3982165715906037 0.04004795911991985 0.02930128999664439
1 0.48395477547289834 0.5498133955829547 0.04909565758248948 0.03255731871420619
1 0.5655683361295041 0.48110787741400474 0.04399481004145168 0.030163398220514535
1 0.596811027318361 0.4605201611682568 0.043994810041451594 0.027290693628084662
1 0.6443126700442761 0.4657867862543783 0.02805466147570825 0.030163398220514535
1 0.7198689742458997 0.4633928657606867 0.04271959815619204 0.025375557233131344
1 0.7664142080578698 0.4875714627469723 0.019765784221521684 0.021066500344486275
1 0.7208253831598443 0.49618957652426204 0.044632415984081276 0.029684614121776306
1 0.7594005426889429 0.5354498726208049 0.022316207992040486 0.015321091159626432
1 0.6656724691223721 0.5969736293086797 0.023591419877300103 0.018672579850794735
1 0.6216776590809205 0.5905100439757124 0.029967479303597465 0.021066500344486382
1 0.5996802540601949 0.5893130837288666 0.025504237705189312 0.021545284443224712
1 0.5575982618466325 0.5890736916794974 0.030605085246227137 0.02202406854196304
1 0.6073315253717516 0.6302491241709935 0.022953813934670428 0.017236227554579743
1 0.5671623509860786 0.6053523510366005 0.026779449590448784 0.016278659357103095
1 0.5458025519079824 0.5644163105944737 0.03634353872989476 0.028248261825561217
1 0.5735384104123759 0.5146227643256877 0.030605085246227137 0.021545284443224712
1 0.6098819491422705 0.48302301380895807 0.042081992213562375 0.031120966417991183
1 0.663759651294483 0.4995410652154304 0.03506832684463523 0.023939204936916356
1 0.7067980524219901 0.5210863496586551 0.03443072090200548 0.021066500344486382
1 0.6950023424833398 0.5687253674831185 0.02869226741833799 0.015799875258364765
1 0.6497323205566287 0.560586037804567 0.02869226741833799 0.017715011653318073
1 0.6153015996546233 0.565134486742581 0.032517903074116415 0.022981636739439596
1 0.5926665886912678 0.5280287190903608 0.022953813934670365 0.018672579850794735
1 0.6270973095932733 0.5385619692626041 0.03443072090200562 0.017715011653318073
1 0.6561083799829263 0.5213257417080241 0.03506832684463523 0.01771501165331798
1 0.6981903721964886 0.550292179681693 0.02104099610678116 0.015321091159626432
1 0.6745989523191886 0.5390407533613422 0.03634353872989483 0.020587716245748053
1 0.6264597036506436 0.5095955312889352 0.03443072090200562 0.017236227554579743
0 0.16372477501487162 0.47948999687966365 0.12734149167823344 0.14616487944812506
0 0.24740632668913937 0.6345340512475346 0.14917146168021636 0.11747831432279203
0 0.39566820628593974 0.8298758994819448 0.08550071584109958 0.10108599139403043
0 0.41385984795425884 0.7240088139003589 0.11096901417674632 0.0915238030189194
0 0.5539354888003156 0.7875290652493105 0.07458573084010824 0.09288982992964953
