1 0.384693423071213 0.8486802083178776 0.06532389765922696 0.0964434618751577
1 0.6484634037709702 0.2640844547976913 0.040579997030732 0.1201833909521195
1 0.42527342010194497 0.7737510571687167 0.06136487355866782 0.12463462765404984
1 0.5024743900628496 0.7774604210869921 0.04750828920671055 0.1409558288944611
1 0.48663829366061273 0.7195943439618975 0.03761072895531252 0.05786607712509455
1 0.4717919532835156 0.6802750864281794 0.03365170485475333 0.08308975176936663
1 0.4341812243282031 0.6869519414810749 0.04156975305587171 0.08160600620205645
1 0.48119463552234376 0.5867991156876419 0.04651853318157076 0.08902473403860707
1 0.5168258524273767 0.6654376307550781 0.05047755728212995 0.07715476950012609
1 0.4995051219874301 0.5051931094855855 0.03761072895531252 0.0652848049616452
1 0.5252387786410649 0.5163212012404113 0.03365170485475333 0.08160600620205645
1 0.5559212154203989 0.5259655474279271 0.039590241005592074 0.07418727836550582
1 0.49554609788687093 0.423587103283529 0.03761072895531252 0.08308975176936663
1 0.5267234126787746 0.4080077748267727 0.05047755728212995 0.09644346187515768
1 0.565323897659227 0.44213392287490544 0.05047755728212995 0.11721589981749928
1 0.5569109714455387 0.31008056738430495 0.05938536150838819 0.12611837322136002
1 0.5945217004008511 0.3909447008027064 0.043549265106151355 0.12166713651942969
1 0.6484634037709704 0.11719364363398971 0.09402682238828136 0.09644346187515762
