1 0.42190836896322187 0.09078467322000586 0.04179690400723037 0.026965744520793828
1 0.378763177729951 0.046291194760696035 0.03640375510307153 0.027864602671487004
1 0.37876317772995177 0.20179365483060707 0.03640375510307163 0.02786460267148694
1 0.42056008173718235 0.2593205764749672 0.033707180650992215 0.033257751575645714
1 0.425953230641341 0.31100492013982195 0.0283140317468336 0.03056117712356633
1 0.452244831549115 0.3811158558938859 0.029662318972873254 0.03235889342495259
1 0.40640306586376546 0.40493559688725383 0.037752042329111335 0.03865090047980447
1 0.3497750023700985 0.335723519283883 0.04044861678119072 0.03146003527425943
1 0.38078560856901134 0.32134178887279297 0.029662318972873213 0.036853184178418215
1 0.39696505528148746 0.2997691932561573 0.02966231897287372 0.04044861678119067
1 0.3868529010861898 0.23325369010486607 0.03370718065099185 0.03685318417841815
1 0.3841563266341106 0.27460116503675036 0.022920882842674746 0.03505546787703195
1 0.3052815239107886 0.3856101466473516 0.02426917006871444 0.03056117712356633
1 0.3335955556576222 0.22920882842674742 0.02426917006871444 0.03235889342495259
1 0.2695519124207366 0.33257751575645694 0.020224308390594928 0.03415660972633879
1 0.2971918005545505 0.2898817535985335 0.026965744520793828 0.03325775157564574
1 0.3504491459831183 0.2674102998312054 0.02561745729475414 0.03146003527425949
1 0.3153936781060864 0.2615677218517 0.022920882842674746 0.03235889342495259
1 0.26887776880771697 0.2799943139409091 0.02426917006871444 0.03146003527425943
1 0.30528152391078867 0.32269007609883266 0.026965744520793793 0.03235889342495259
1 0.3497750023700984 0.3020163386328907 0.04584176568534949 0.01797716301386252
1 0.3086522419758878 0.229658257502094 0.02561745729475414 0.029662318972873202
1 0.49771888253645363 0.6679741775309972 0.028191460180829953 0.04167433244122684
1 0.4106930706738918 0.8126086254152547 0.04535147942133506 0.033502894707652935
1 0.3034429504207344 0.7615371395804176 0.02451431320072187 0.03432003848101026
1 0.4670759910355516 0.6994342128052565 0.03799718546111855 0.03268575093429549
1 0.3408272780518351 0.7987171812681793 0.025740028860757703 0.0351371822543677
1 0.4879131572561651 0.5568426243543922 0.030642891500902044 0.03840575734779728
1 0.5289746318673737 0.48125682531883385 0.04412576376129888 0.03105146338758076
1 0.44501310915490216 0.5057711385195556 0.03799718546111855 0.03432003848101039
1 0.3586001551223583 0.7827828776877103 0.03922290112115463 0.03268575093429537
1 0.3757601743628634 0.7635799990138117 0.04902862640144323 0.03677146980108249
1 0.3867916153031882 0.7284428167594438 0.024514313200721616 0.030234319614223373
1 0.42233736944423456 0.7120999412922961 0.03186860716093812 0.033502894707652935
1 0.42356308510427043 0.46859109683179334 0.026965744520794324 0.03513718225436764
1 0.31079724438095085 0.5768626468016472 0.022062881880649764 0.03432003848101034
1 0.3255058323013841 0.606688394529193 0.03432003848101034 0.03677146980108238
1 0.2887343625003016 0.44979679004457446 0.02206288188064953 0.035137182254367655
1 0.3285701214514743 0.4600110872115418 0.02819146018082991 0.03105146338758076
1 0.4296916634044511 0.5621540588812154 0.0343200384810103 0.03432003848101028
1 0.35492300814225003 0.49882541644601774 0.026965744520793793 0.03350289470765288
1 0.3818887526630438 0.632019851503272 0.026965744520793793 0.04004004489451194
1 0.3671801647426109 0.5454026115273889 0.0416743324412268 0.033502894707652935
1 0.4174345068040898 0.6414170048968808 0.039222901121155555 0.03432003848101272
1 0.41927308029414434 0.6087312539625865 0.0330943228209742 0.03432003848101028
1 0.43030452123446905 0.8998998877637198 0.0330943228209742 0.03186860716093815
1 0.4474645404749743 0.9750771149125994 0.04535147942133506 0.030234319614223265
1 0.2967015142905361 0.8762027183363554 0.018385734900541236 0.03186860716093815
1 0.2868957890102475 0.831668382688378 0.0208371662206134 0.03595432602772516
1 0.34174403232649014 0.5647013202815586 0.03646757335644544 0.027013017301070613
1 0.29818554192851376 0.4897401972710875 0.026337691868543914 0.027013017301070724
1 0.37264017086458984 0.4644154935513336 0.035454585207655244 0.03849354965402572
