1 0.3736104681274919 0.15504803183227162 0.09103737648867355 0.14850472039714838
1 0.465370363477186 0.15305658922158166 0.0736969238241638 0.10696891737419088
1 0.4686216983517819 0.22531750680946636 0.13222095156688263 0.1092448517864079
1 0.3826419538902572 0.3143634406874499 0.12210568751258558 0.10071009774059476
1 0.48921348589088653 0.32631209635158825 0.07658699926824893 0.1359870811299557
1 0.267400195557373 0.42986711210745404 0.06358165976986703 0.12005554024443786
1 0.37108165211391536 0.4571783250540504 0.13511102701096311 0.1337111467177277
1 0.4259930855515288 0.5157836361686369 0.13222095156688266 0.1041239993589235
1 0.2529498183369473 0.6207611109321349 0.1546190362585375 0.26514635902327216
1 0.3801131378766827 0.6122263568863276 0.09103737648867329 0.08876144207645648
1 0.4624802880331015 0.6090969470695283 0.06647173521395186 0.09388229450394224
1 0.5072764574164162 0.619907635527555 0.06358165976986817 0.10412399935891178
1 0.4516425051177832 0.7277300283063319 0.06502669749190952 0.1092448517864079
1 0.4971611933621196 0.7467909790086478 0.0736969238241637 0.10981383538946256
1 0.46573162290769665 0.8782375089463986 0.11199042345828866 0.12403842546581823
1 0.41985167523284966 0.9758181968701962 0.08959233876663086 0.04836360625960765
1 0.49354859905701376 0.9721198034503439 0.053466395715570034 0.055760393099312265
