1 0.39547833034726004 0.08431302481621446 0.020164053207908643 0.057932875947337543
1 0.4396841393030598 0.03181135598893978 0.01938851269991215 0.053277555558712136
1 0.488543191306839 0.03258724272037734 0.020164053207909562 0.04965675081200355
1 0.5234425141666815 0.025862891047918543 0.015510810159932394 0.0424151413185864
1 0.5583418370265226 0.10215841963927838 0.02714391777987768 0.06258819633596308
1 0.5527191683435487 0.16707427616955484 0.024429526001887338 0.0662090010826736
1 0.5738526471864519 0.2242312653854538 0.015510810159929733 0.041897883497628054
1 0.5333306556436355 0.21673102698155738 0.0298583095578647 0.04551868824433662
1 0.5337184258976336 0.2485423829704972 0.0376137146378296 0.02120757065929319
1 0.5538824791055424 0.26406011759924836 0.021327363969903333 0.05017400863296194
1 0.4216528224921416 0.26018068394206056 0.014347499397935042 0.05896739158925431
1 0.449572280780015 0.2485423829704972 0.029082769049868316 0.053277555558712206
1 0.474373016543834 0.29259567332993036 0.027772462853028052 0.05144878671232057
1 0.43872344758658677 0.31013484406080627 0.01902121071328571 0.0526729313305555
1 0.4944628182211019 0.31398896098743245 0.017335786979196154 0.0539576369727638
1 0.550683738493929 0.31977013637737145 0.02431825673471181 0.057169401078285845
1 0.47122804817258895 0.3550995415381084 0.030096852394445834 0.05845410672049439
1 0.5375615108499522 0.3658589512916073 0.021188184085690516 0.05877528313104661
1 0.5677787506539768 0.37677894925038097 0.01565036324511229 0.050424696456690205
1 0.5546565230099979 0.3815965954086634 0.018298886255823554 0.050424696456690246
1 0.5173364260408839 0.430575998017869 0.024559031553868484 0.05973881236270314
1 0.4684591377523025 0.4801977534481788 0.028411428660357688 0.06455645852098557
1 0.48362795135910375 0.5216295104094084 0.027929879022046605 0.0607023415943596
1 0.5050569102639498 0.528695391441556 0.0337084746817803 0.05363646056221185
1 0.468940687390615 0.5587253858281821 0.0394870703415168 0.025694112844170114
1 0.4158498397668102 0.5784777350771406 0.02335515745809188 0.04849763799337941
1 0.43763996090038915 0.6016024366368959 0.025522130830490236 0.050424696456691225
1 0.4691814622097702 0.5979089079155474 0.02311438263893689 0.051388225688348
1 0.4963890167743493 0.5916459679097806 0.025040581192179515 0.06005998877325598
1 0.4841095009974154 0.6191065510119931 0.01878043589413588 0.05395763697276003
1 0.4711076607630142 0.6512241920672078 0.026003680468802446 0.03275999387632096
1 0.42692548144796594 0.6859112444068419 0.016131912883423447 0.045607050298407815
1 0.4477525033049232 0.6729035997794791 0.017335786979201306 0.04721293235116864
1 0.46424557841708103 0.6814147746591125 0.036838547330804855 0.028263524128588964
1 0.49843560273717197 0.6881594792807073 0.031541501309379355 0.02697881848638135
1 0.4340283386130573 0.7584971131916322 0.025040581192176194 0.0552423426149737
1 0.4514845130018397 0.7230071198256199 0.026726004926258616 0.04849763799337208
1 0.4921754574391281 0.72702182495752 0.03057840203276071 0.04175293337178045
1 0.5025287746628191 0.7711835814084427 0.02624445528796309 0.052351754920002574
1 0.5115578303811529 0.7352118234266004 0.02552213083049307 0.026657642075828457
1 0.36036808095027145 0.8865219506237078 0.01660623927715968 0.04663481481217364
1 0.3721672509629905 0.8839958981547146 0.019810952120120625 0.05090967283662561
1 0.46078386598832877 0.9313988421864543 0.02686330626942353 0.0634389769602986
1 0.4905324903385423 0.8878674939793867 0.025868369000185614 0.05175983475840706
1 0.48625426008081873 0.9223740504849893 0.03084305534637598 0.06662419756082599
1 0.5464479648697128 0.9064341448598024 0.010745322507769424 0.05600679555909695
