1 0.45816683316683304 0.6686972820993443 0.04620379620379577 0.136832239925024
1 0.5131118881118883 0.646204311152765 0.04620379620379568 0.08809746954076786
1 0.4925074925074926 0.759606373008435 0.03996003996004 0.12371134020618557
1 0.41908907572137205 0.8473932628397342 0.10276108180982106 0.13471103256119876
1 0.33341658341658337 0.9165885660731021 0.06243756243756242 0.05810684161199615
1 0.17857142857142855 0.9550140581068416 0.05744255744255746 0.08997188378631675
1 0.29595404595404595 0.965323336457357 0.044955044955044945 0.06935332708528595
1 0.12549950049950048 0.9559512652296155 0.04370629370629372 0.08809746954076855
1 0.6821928071928075 0.2736644798500469 0.023726273726273263 0.08997188378631693
1 0.6871878121878123 0.42455482661668226 0.031218781218781248 0.10684161199625115
