1 0.577763671875 0.12281249999999998 0.10868203125 0.21187499999999995
1 0.6252339843749999 0.2625 0.07620234374999996 0.16499999999999995
1 0.5459085937499999 0.2625 0.09494062499999999 0.18
1 0.5977511718749998 0.365625 0.06121171875000002 0.12749999999999997
1 0.48094921874999996 0.3890625 0.06995624999999997 0.129375
1 0.35103046875000027 0.3140625000000003 0.0574640625000005 0.16312500000000052
1 0.7401621093750002 0.4575 0.05371640625000051 0.08249999999999984
1 0.325421484375 0.5306249999999999 0.03872578125000001 0.08250000000000006
1 0.3660210937499999 0.515625 0.02498437500000001 0.08249999999999998
1 0.42223593749999994 0.4546875 0.029981249999999945 0.125625
1 0.39725156249999993 0.48656249999999995 0.02498437500000001 0.09937499999999998
1 0.33166757812500003 0.5925 0.02373515625000003 0.07499999999999994
1 0.3922546875 0.5775 0.02998125000000002 0.10499999999999994
1 0.4472638258117197 0.5365569563898797 0.031998674923998334 0.07585735564385357
1 0.4704404361538681 0.47798071430986255 0.04186742513420377 0.09695377999451114
1 0.5057286944812684 0.585707136525986 0.03648447047409192 0.08259025703236132
1 0.5580629758990235 0.6112921618023172 0.044259849427587275 0.0843856974026333
1 0.5830339044612091 0.667399673373213 0.038577841730801796 0.05386321110806121
1 0.7034027517220452 0.6366527570323611 0.04186742513420422 0.07047103453304726
1 0.6627315387345325 0.7977935302639791 0.04126931906085801 0.07495963545871928
1 0.5869215939379565 0.7971202401251284 0.05831534215121245 0.08079481666209251
1 0.5236173030507844 0.8984887724334445 0.03375044038902608 0.05134187980684455
1 0.518600345695659 0.7341947570515412 0.057466966067800745 0.08146244929352528
1 0.4793768609192233 0.6804569228537113 0.040135658841003945 0.09446905884459394
1 0.4583968574341529 0.6462290029824815 0.027365221937048146 0.05750290538366588
1 0.42282206891598995 0.6342492310275506 0.03831131071186677 0.09926096762656524
1 0.43650467988451447 0.7235841018914602 0.038311310711867434 0.07119407333215774
1 0.40754315333447183 0.6879870652253818 0.019611742388217834 0.07393230692185612
1 0.38861554149468014 0.6475981197773308 0.0291895700661847 0.04928820461457071
1 0.3589698843962113 0.6760072932704514 0.032838266324457806 0.06640216455018559
1 0.3699159731710306 0.7406980618270752 0.023716525678775014 0.058872022178514276
1 0.39819336917264697 0.7622616513459499 0.035574788518162564 0.0800933324986775
1 0.3687757555903202 0.8177108815373424 0.0296456570984688 0.05134187980684455
1 0.34483118639540317 0.8813748124978297 0.03739913664729912 0.04312717903774939
