1 0.8382352941176471 0.12132352941176473 0.04901960784313726 0.2083333333333334
1 0.7655228758169934 0.4791666666666666 0.10294117647058823 0.1642156862745098
1 0.8300653594771242 0.6151960784313725 0.05882352941176469 0.2107843137254902
1 0.6094771241830067 0.5919117647058825 0.0784313725490196 0.22303921568627452
1 0.5727124183006537 0.9044117647058824 0.10294117647058823 0.18627450980392163
1 0.4624183006535948 0.8909313725490198 0.08169934640522875 0.21323529411764708
1 0.3782679738562092 0.8884803921568627 0.07352941176470588 0.19852941176470584
1 0.45424836601307184 0.7132352941176471 0.05882352941176469 0.14215686274509803
1 0.5490196078431371 0.47794117647058826 0.0784313725490196 0.19607843137254907
1 0.4019607843137255 0.6544117647058824 0.09477124183006536 0.1715686274509804
1 0.35784313725490186 0.5502450980392156 0.0784313725490196 0.18382352941176475
1 0.28513071895424835 0.40196078431372556 0.07352941176470588 0.24019607843137258
1 0.14460784313725486 0.41544117647058826 0.06372549019607841 0.1691176470588236
1 0.09477124183006534 0.13602941176470587 0.06209150326797386 0.2181372549019608
1 0.13888888888888887 0.1397058823529412 0.042483660130718956 0.17647058823529416
1 0.18872549019607843 0.23651960784313722 0.07352941176470588 0.19362745098039214
1 0.24509803921568632 0.19240196078431368 0.06209150326797386 0.17892156862745093
1 0.37009803921568624 0.3615196078431373 0.08333333333333331 0.18382352941176475
1 0.4517973856209151 0.43749999999999983 0.09640522875816995 0.23774509803921579
1 0.5008169934640522 0.26470588235294096 0.08006535947712426 0.17156862745098025
1 0.4183006535947712 0.21446078431372556 0.08496732026143798 0.1691176470588236
1 0.5874183006535949 0.12009803921568629 0.08006535947712418 0.22549019607843138
1 0.3006535947712418 0.16666666666666669 0.09803921568627452 0.23529411764705885
1 0.4416903090721981 0.09283456582868592 0.14508455751218813 0.09199821838878783
1 0.264798752413107 0.04683545663429201 0.0725422787560941 0.08363474398980715
1 0.3429212064581314 0.07276222727113223 0.06138192817823351 0.1388336750230799
1 0.4082092573386158 0.04895535619780584 0.08705073450731288 0.09588964595059143
