1 0.040412044374009505 0.7387744321183307 0.061806656101426306 0.06391970417326995
1 0.034072900158478615 0.6418383518225041 0.053882725832012694 0.06656101426307448
1 0.5812202852614896 0.8700475435816163 0.08161648177496036 0.05916534601162177
1 0.5126782884310618 0.7839408346539883 0.06973058637083994 0.05705229793977813
1 0.5816164817749605 0.6476492340200741 0.07290015847860538 0.053882725832012694
1 0.38629160063391443 0.563391442155309 0.08795562599049128 0.06603275224511358
1 0.19572107765451666 0.5390913893291073 0.061806656101426306 0.054410987849973586
1 0.4821711568938192 0.5211304807184364 0.07210776545166403 0.05863708399366086
1 0.38668779714738505 0.44215530903328054 0.07765451664025357 0.048600105652403594
1 0.347068145800317 0.3832540940306393 0.08399366085578447 0.05758055995773904
1 0.46354992076069734 0.35763338615953516 0.12044374009508717 0.053882725832012694
1 0.6521394611727418 0.4809825673534073 0.08082408874801902 0.061806656101426306
1 0.591917591125198 0.35578446909667194 0.11251980982567353 0.043845747490755406
1 0.7246434231378764 0.3468040147913365 0.11172741679873217 0.04807184363444268
