1 0.5453008519341651 0.18760666503812515 0.18009936394155907 0.16161148528694327
1 0.5240391214688414 0.29007167890561986 0.09004968197078096 0.1216251384118237
1 0.3870885634716136 0.30631613232363736 0.12882107281930927 0.0991328182945688
1 0.3808351133347552 0.4129463906572908 0.10380727227187085 0.10912940501334836
1 0.3964687386769045 0.5358211024089617 0.14758142322988868 0.1266234317712133
1 0.6747472697671608 0.7561625346687374 0.17134453374995548 0.10912940501334824
1 0.4683834152507887 0.6307886762373719 0.1813500539689312 0.11995904062535956
1 0.2926614664050336 0.6699419742192599 0.07504140164231633 0.0916353782554832
1 0.3795844233073833 0.659528863053864 0.10130589221712699 0.10912940501334824
1 0.31767526695247233 0.7490816190762682 0.08504692186129184 0.10496416054718988
1 0.39521804864953053 0.7849027214852292 0.14508004317514456 0.09496757382840836
1 0.3370609623767374 0.8433868080724468 0.1463307332025168 0.049982933593899964
1 0.2945375014460915 0.9041993772783583 0.07879347172443212 0.08330488932316657
1 0.1969836793110803 0.9475179197264052 0.0662865714507127 0.08996928046902002
1 0.3533199327325727 0.9371048085610093 0.08879899194340761 0.09746672050810494
1 0.49777463089403157 0.9216934040362235 0.13507452295616937 0.10496416054718997
1 0.7579181565873948 0.9371048085610093 0.13007176284668154 0.05914647141944848
1 0.42335857426539975 0.9575145064451853 0.09380175205289437 0.08330488932316475
1 0.5546810271394548 0.9904199377278359 0.08129485177917596 0.01916012454432823
