1 0.47605633802816905 0.6624405705229792 0.018309859154929577 0.032752245113576335
1 0.4841549295774648 0.6421024828314844 0.017605633802816902 0.020602218700475437
1 0.5253521126760564 0.933174854727945 0.02676056338028169 0.027997886951928157
1 0.5985915492957747 0.9384574749075542 0.02676056338028169 0.025884838880084523
1 0.7517605633802817 0.9331748547279451 0.017605633802816902 0.031167459059693606
1 0.7035211267605633 0.8386159535129424 0.02112676056338028 0.024828314844162706
1 0.7443661971830986 0.7617538298996303 0.02112676056338028 0.02535657686212361
1 0.7573943661971831 0.7989963021658743 0.02605633802816934 0.03011093502377178
1 0.7492957746478873 0.5972002113048072 0.022535211267605635 0.027997886951928157
1 0.7482394366197183 0.6566296883254094 0.021830985915492956 0.03169572107765452
1 0.7584507042253521 0.48071843634442674 0.016901408450704224 0.02535657686212361
1 0.747887323943662 0.419175911251981 0.02112676056338028 0.030110935023771792
1 0.7521126760563378 0.45087163232963545 0.02676056338028169 0.024828314844162706
1 0.7669014084507043 0.07765451664025357 0.022535211267605635 0.030639197041732708
