1 0.43345070422535215 0.1970417326994189 0.07394366197183098 0.09086106708927628
1 0.502112676056338 0.4064976228209192 0.030985915492957747 0.016376122556788168
1 0.5292253521126761 0.419175911251981 0.019014084507042252 0.01954569466455362
1 0.4838028169014085 0.4189117802430005 0.023943661971830985 0.013734812466983624
1 0.5063380281690141 0.42472266244057055 0.015492957746478873 0.012678288431061805
1 0.4823943661971831 0.4403063919704173 0.023943661971830985 0.014263074484944533
1 0.5031690140845071 0.4424194400422609 0.014788732394366198 0.017432646592709985
1 0.523943661971831 0.4381933438985737 0.022535211267605635 0.017432646592709985
1 0.5274647887323944 0.6685155837295299 0.030985915492957747 0.018489170628631802
1 0.3091549295774648 0.9611727416798732 0.016901408450704224 0.016376122556788168
0 0.6788732394366198 0.1648177496038035 0.04225352112676056 0.07395668251452721
0 0.6588028169014083 0.23639725303750658 0.07394366197183098 0.09350237717908082
0 0.6524647887323942 0.3431061806656101 0.05845070422535211 0.11885895404120443
0 0.7151408450704225 0.41679873217115665 0.08380281690140856 0.11516111991547802
0 0.6278169014084507 0.44902271526677234 0.06267605633802817 0.08874801901743265
0 0.6267605633802814 0.6085578446909662 0.06619718309859145 0.10248283148441623
0 0.4528169014084507 0.9326465927099842 0.05915492957746479 0.050184891706286316
0 0.42253521126760574 0.9812466983623876 0.05070422535211269 0.03433703116745906
0 0.6140845070422536 0.7366613840464861 0.07887323943661943 0.12836767036450067
0 0.5964788732394366 0.8441627047015321 0.04507042253521127 0.06656101426307448
