1 0.799037872368492 0.041707295617516266 0.04909846192948111 0.055961687790591436
1 0.9548390861739604 0.1491564302166714 0.03921352635197564 0.048537458263896625
1 0.8275466567146423 0.20114531177561645 0.03326024840384205 0.060185211397428565
1 0.7459798570576011 0.28825548616663144 0.041179355166661574 0.06335285410255637
1 0.9281193126024506 0.2972304738311602 0.03801171246153378 0.05173816418375435
1 0.8164070187437694 0.25376857445841006 0.059588869475623196 0.059860344962984084
1 0.5598808481313418 0.37536566055764636 0.04276317651922548 0.0369558315598245
1 0.7531070531441384 0.4276317651922554 0.03642789110896995 0.04223523606837085
1 0.9328707766601423 0.4556126090875511 0.03167642705127814 0.06440873500426561
1 0.8916914214934806 0.4777861080234458 0.038011712461533946 0.05173816418375435
1 0.9312869553075785 0.5200213440918167 0.03801171246153378 0.0559616877905915
1 0.8022055150736197 0.5300522126580548 0.045930819224353304 0.06335285410255635
1 0.7404364823236272 0.5311080935597641 0.03959553381409768 0.05490580688888217
1 0.24707613099996972 0.6071315184828316 0.08235871033332315 0.061241092299137996
1 0.3428973228300862 0.5311080935597642 0.06176903274999242 0.057017568692300714
1 0.6596357335738523 0.505187166921176 0.0842025365288535 0.08179523812353608
1 0.6129388634422328 0.7037446209892301 0.050682283282045326 0.06440873500426605
1 0.7673614453172138 0.7544269042712751 0.020589677583330877 0.028508784346150326
1 0.6738709523903598 0.6820187198380733 0.03099877938926909 0.03464780590942638
1 0.7278836119389086 0.6388785738928134 0.07344713364795155 0.07050977636626399
1 0.6564939506377402 0.6345844219272727 0.03642789110897005 0.06335285410255637
1 0.6081873993845408 0.5944609476623206 0.04434699787178951 0.06124109229913809
1 0.726974000826834 0.5802065554892454 0.03484406975640596 0.04751464057691732
1 0.6485748438749205 0.561728639709333 0.03326024840384205 0.05490580688888213
1 0.685414824946205 0.5626279732282415 0.0511474815003632 0.05670432889209181
1 0.6831882607825253 0.6049238185768859 0.05932185729607809 0.06230928895847057
1 0.6050197566794132 0.8072209493567389 0.053849925987172934 0.04962640238033587
1 0.8948590641986084 0.9609324066367568 0.038011712461533946 0.05068228328204503
1 0.9407898834229619 0.8347546388824989 0.025341141641022514 0.045402878773498793
