1 0.47300991431050904 0.6247642893215655 0.021724828480251573 0.0288472345252175
1 0.44090544555635947 0.6229613371637397 0.019310958649112465 0.038222585745913126
1 0.3802059436528854 0.577210729740483 0.05138520358543431 0.05210764614737471
1 0.44815132174544786 0.5702241732906572 0.014946260118130496 0.03394947059810561
1 0.4681137924511695 0.5862813553303028 0.014332030250261725 0.028138299955187726
1 0.47753198375848455 0.584140397725017 0.00941819130731486 0.027526597782248793
1 0.4207395585006518 0.49637524286687146 0.017536239653642743 0.038375004838763195
1 0.45877025216919337 0.527985193266276 0.03014993790876275 0.033397182461064434
1 0.4540430311762095 0.4756941025346038 0.019535986280811952 0.030102548705856845
1 0.3715820195698569 0.4812647176067762 0.042437681479078844 0.05689255494267159
1 0.40767218458838983 0.459320446414603 0.023939204936916467 0.03792836996178139
1 0.3361543249505568 0.539889817569748 0.035227738171564625 0.030283960799935842
1 0.39951109199625917 0.5328083424527124 0.04280039670539594 0.042340957418727926
1 0.37684139035145214 0.545201112685207 0.014508609052676565 0.03521920067879673
1 0.4375961907595354 0.508627327364918 0.016322185184260898 0.04443037624094348
