1 0.8688271604938271 0.11522633744855966 0.13271604938271606 0.11934156378600823
1 0.949074074074074 0.02880658436213992 0.10185185185185221 0.05761316872427984
1 0.7376543209876545 0.31069958847736634 0.1604938271604938 0.16049382716049398
1 0.7669753086419739 0.4879299857803903 0.13888888888888867 0.14046902505872436
1 0.8611450509772491 0.37562409300450533 0.1075113772333906 0.15037539037872716
1 0.9275491369155234 0.3109767289164554 0.07167425148892956 0.1250785957355774
1 0.6102851707660041 0.6756721850218738 0.13280817187653868 0.08994415873121063
1 0.4975036279819638 0.6784829399822265 0.12226784077522675 0.1349162380968034
1 0.2909131383962336 0.7775620523345705 0.06324198660787689 0.05480972172682665
1 0.36153335677502674 0.4093531525287058 0.11172750967391532 0.1110248209338311
1 0.498209959246948 0.41807520089165406 0.1927575032546116 0.19394736438581375
1 0.438477773814613 0.4423795233128232 0.09697104613207787 0.15178076785890451
1 0.5913125747836468 0.974703205356848 0.17918562872231739 0.05059358928629897
