1 0.40098316420327373 0.23699465137457526 0.07016941119453023 0.04470051379799708
1 0.3487459358695679 0.4147571597340521 0.043660966965485534 0.04262142013297401
1 0.33159341313312723 0.4532203925369797 0.04054232646795084 0.04054232646795082
1 0.4664746146515016 0.4069605584902146 0.07016941119452941 0.05821462262064723
1 0.41969500718848196 0.4194351204803539 0.045220287214252836 0.04989824796055487
1 0.4017628243276575 0.4490622052069335 0.05301688845808961 0.04677960746302015
1 0.4493220919150614 0.5077966012438366 0.05457620870685692 0.05197734162557795
1 0.4890847582586283 0.48960453167488427 0.068610090945763 0.04470051379799702
1 0.5109152417413713 0.4672542747758858 0.062372809950693615 0.02287003031525436
1 0.4750508760197225 0.44334469762811984 0.05301688845808955 0.03326549864036995
1 0.44074583054684097 0.4537401659532355 0.03118640497534685 0.043660966965485534
1 0.3768137003473799 0.4916836253399074 0.03430504547288146 0.03430504547288154
1 0.43216956917862054 0.591999894677273 0.06393213019946092 0.06861009094576288
1 0.5366440258460323 0.6647681729530822 0.06393213019946092 0.03326549864036995
1 0.5569151890800079 0.6237060730688756 0.07328805169206501 0.05509598212311261
1 0.5771863523139833 0.5743275985245764 0.07952533268713438 0.0478191542955317
1 0.629423580647689 0.6668472666181053 0.046779607463020234 0.02702821764530051
1 0.34718661562080066 0.4714124621059321 0.03430504547288146 0.02702821764530051
1 0.3518645763671026 0.4584181266995375 0.04054232646795081 0.03846323280292769
