1 0.9468417585786555 0.8158753138341681 0.02570288596196882 0.05410298835204534
1 0.9471338368282233 0.9249539193826466 0.0134355994801201 0.02966938070918622
1 0.8571737359613327 0.866487786808662 0.030960294454189668 0.041886184530615725
1 0.7756839043319093 0.8525257252984566 0.026871198960240525 0.0418861845306159
1 0.7987580860477671 0.7875148763915637 0.03446523344900351 0.053230359507657574
1 0.7566988181100003 0.8040948244349324 0.03797017244381737 0.046249328752554934
1 0.8338074759959064 0.6304416844017523 0.023950416464562137 0.046249328752554816
1 0.7277830714027854 0.7085419659744651 0.04205926793776705 0.03839566915306383
1 0.7336246363941419 0.7499918360828872 0.04205926793776707 0.042758813375003674
1 0.8434460582316448 0.572411866249964 0.02453457296369742 0.03490515377551309
1 0.8083966682835048 0.5828834123826172 0.024534572963696443 0.04014092684184001
1 0.7710106523388237 0.5859376133379754 0.02453457296369742 0.04101355568622794
1 0.7730552000857983 0.49431158467725334 0.023950416464561815 0.03752304030867663
1 0.7511493313682113 0.4995473577435803 0.022197946967154797 0.03228726724234959
1 0.7073375939330363 0.47685900778949575 0.03154445095332335 0.04973984413010613
1 0.677658598507847 0.4815856238909283 0.053470212902478526 0.05759598668615624
1 0.7286593061514877 0.5671760931836363 0.03329692045073001 0.04886721528571693
1 0.6705357344874912 0.5536503460956257 0.03037613795505397 0.046249328752554816
1 0.6854317252154482 0.6046991334923124 0.03913848544208867 0.04886721528572074
1 0.6236891869193237 0.5470729741608827 0.049431382175564594 0.0575375893281398
1 0.6176695713157142 0.673200497776758 0.04264342443690313 0.05323035950765735
1 0.5928429201024492 0.7386476611058452 0.05374239792048016 0.042758813375003486
1 0.5861251203623856 0.6980704198418103 0.03446523344900343 0.03665041146428713
1 0.5708715276293512 0.4082661480184897 0.06293688122480376 0.06600555463325634
1 0.558669764903013 0.5409972278520014 0.03212860745246189 0.05235773066326835
1 0.5408529916793754 0.6841083583316034 0.032712763951598035 0.05410298835204246
1 0.513689714469567 0.6164796228915468 0.050821615424802805 0.07591870946173608
1 0.4196405181087279 0.5820107835382299 0.046148363431716855 0.050612472974494345
1 0.37758125017096 0.6138617363583841 0.043811737435173706 0.07242819408418887
1 0.48243734176581077 0.44588068381372886 0.03154445095332528 0.050612472974494026
1 0.5291698616966631 0.5427424855407778 0.023366259965426194 0.050612472974494026
1 0.5043432104833978 0.511327847142816 0.03797017244381745 0.041886184530615725
1 0.4422954389027375 0.41865704897865286 0.039426646680516056 0.05491852299440723
1 0.39014061490237745 0.3686530310854061 0.04089095493949576 0.03228726724234965
1 0.3343536692349223 0.46856903376781167 0.03446523344900401 0.034905153775514654
1 0.4208794680837484 0.47707004665830277 0.02570288596196882 0.05323035950765751
1 0.4555661428055706 0.5444877432295535 0.022197946967154884 0.048867215285718364
1 0.4768878550240212 0.5204904500088867 0.02161379046801751 0.037523040308674066
1 0.4855211561893295 0.5601928970434533 0.03433718593113426 0.03184046931514942
1 0.327051712995727 0.520490450008888 0.03154445095332532 0.034032524931125255
1 0.3260898683857322 0.4067822182202881 0.03191893991588832 0.02925902825623022
1 0.36526311282795876 0.4067822182202885 0.02321377448428255 0.023840689690262366
1 0.349485000483173 0.3937782056619635 0.016322185184261144 0.030342695969424804
1 0.35474437126476827 0.4271009878426711 0.018135761315845725 0.026549858973246677
1 0.3924667548017274 0.4046148827939009 0.02611549629481795 0.027091692829843347
1 0.39772612558332243 0.46882219480063014 0.03010536378430364 0.03413553296560296
1 0.3714292716753464 0.4715313640836146 0.030468079010620784 0.02871719439963412
1 0.38158529801222 0.43685399726141483 0.031193509463254627 0.029800862112827932
1 0.4492885061846851 0.39009158448310527 0.03600871929360935 0.03983040106236771
1 0.4205771848412882 0.38727619938280106 0.01994933744743038 0.041179373101362236
1 0.37940900665431854 0.5235474143169143 0.03336980082115612 0.03413553296560298
1 0.21890751900908392 0.4755951180080909 0.038085098763275975 0.043346708527749384
1 0.2622519885539552 0.47180228101191296 0.034095231273789925 0.04768137938052454
1 0.24103314781441568 0.5181290757509454 0.03735966831064214 0.03847020381837767
1 0.36707668895954326 0.5043123124077252 0.0442512576106635 0.03467736682219956
1 0.43109568591811986 0.5069744497421734 0.03974632055800328 0.046635725805854095
1 0.2731334453434625 0.40028021194112595 0.03917324444222674 0.0346773668221998
1 0.23849414123019735 0.4013638796543196 0.040261390121177486 0.033593699109006225
1 0.27948096180400844 0.3580171711265695 0.029379933331670088 0.036844702248587144
1 0.21509900913275598 0.3433876569984544 0.029742648557986303 0.06502006279162463
1 0.17338675810631124 0.3721048513980887 0.038447813989592905 0.04876504709371848
1 0.19442424123269217 0.26861458478808614 0.027566357200085406 0.04876504709371847
1 0.2241668897906792 0.27755484342193454 0.030468079010620795 0.056892554942671515
1 0.27766738567242405 0.30573020396497186 0.038810529215909814 0.057976222655865293
1 0.11045566634032662 0.32388163816096704 0.040261390121177465 0.03576103453539361
