1 0.4836512261580383 0.19545454545454546 0.15531335149863762 0.12181818181818181
1 0.2997275204359673 0.5163636363636364 0.09809264305177115 0.11636363636363636
1 0.4904632152588556 0.6027272727272728 0.11989100817438691 0.09636363636363637
1 0.5681198910081744 0.500909090909091 0.14441416893732967 0.11454545454545455
1 0.3937329700272479 0.3663636363636364 0.08991825613079019 0.07090909090909091
1 0.25340599455040874 0.17999999999999997 0.10899182561307899 0.08727272727272728
1 0.3773841961852861 0.1990909090909091 0.08991825613079019 0.06
1 0.5367847411444141 0.3218181818181817 0.12534059945504086 0.06545454545454546
1 0.4700272479564034 0.24818181818181817 0.11171662125340599 0.06
1 0.4673024523160763 0.3336363636363637 0.13896457765667575 0.08181818181818182
1 0.22207084468664853 0.26545454545454544 0.06811989100817441 0.05818181818181818
1 0.33514986376021805 0.2618181818181818 0.08174386920980928 0.11636363636363636
