1 0.5367885601873793 0.3460525645307881 0.1538076103688766 0.06978950407937609
1 0.3245340578783296 0.49486841881769295 0.13842684933198893 0.09031582880860434
1 0.25378255710864633 0.5667105553699918 0.1230460882951013 0.09236846128152715
1 0.5698571964166878 0.43534207710293105 0.11227955556927993 0.06978950407937615
1 0.5667810442093102 0.5225789572021511 0.08151803349550464 0.07184213655229893
1 0.6952103988673223 0.40301311565439657 0.07075150076968327 0.07902635020752875
1 0.7728832421036048 0.44201313263993014 0.11535570777665739 0.0626052904241462
1 0.7682690137925386 0.5477237049954558 0.07536572908074955 0.05234212805953216
1 0.6706011812083017 0.610328995419601 0.08305610959919395 0.06465792289706884
1 0.7467359483408958 0.6180263671930623 0.09997494673976991 0.05952634171476193
1 0.7482740244445845 0.7006448242282063 0.06306112025123937 0.06260529042414616
1 0.6459919635492817 0.6893553456271307 0.09536071842870347 0.08518424762629725
1 0.6329183166679272 0.749908003578354 0.07844188128812704 0.05439476053245482
1 0.3625341289479775 0.2289630675310396 0.15484763177632951 0.08404843709563786
1 0.08690129985841528 0.8614473080777093 0.1092034033619024 0.057473709241839144
1 0.19994989347953956 0.8445130901760959 0.09536071842870349 0.06260529042414625
1 0.6990555891265443 0.7885788552889488 0.07228957687337201 0.06773687160645327
