1 0.6258183091232336 0.37143590460592746 0.04120627583805905 0.056308764500806914
1 0.5201593430844355 0.2164196751029097 0.029605276051771566 0.0275095073690688
1 0.4926687296077904 0.21060035623637596 0.019736850701180995 0.04549649295653684
1 0.44483756978881045 0.16302148673981237 0.03202777444200372 0.04754649832491367
1 0.475046541481736 0.16245871834050554 0.015507525550927926 0.05713513068960443
1 0.4077149380371044 0.25413437619790086 0.03752100560825568 0.05083113433002701
1 0.45762629916600905 0.220311637845868 0.04187786973272594 0.04177310265184609
1 0.5561086068615866 0.3708961395599883 0.03383460120202456 0.023277275466135176
1 0.5388388624980532 0.33598022636078567 0.020441738226223173 0.046554550932270226
1 0.512056588689097 0.35356286605319676 0.03486338731304471 0.05747724649951252
1 0.5166349054592245 0.2518646172899791 0.023966175851434145 0.024335333441868556
1 0.42826591152216764 0.2664827455203474 0.03222059791687173 0.04284047939382681
1 0.48984917950762175 0.259271023120113 0.012687975450759212 0.0497287248594705
1 0.5166349054592245 0.2963030522707825 0.023966175851434145 0.043380377005070046
1 0.5021847111958598 0.3095287769674502 0.021851513276307532 0.038090087126402966
1 0.4960496647691097 0.27529627341622825 0.031814261323257396 0.034550248202458035
1 0.4627756580989341 0.21867007743178632 0.03042645126318135 0.038400371897329894
1 0.4698373303668834 0.24293255324109686 0.02686645136645609 0.02459590198672558
1 0.4433621200593164 0.2598664727863172 0.03266348073541821 0.0373128352672699
1 0.45432017367453237 0.2803880648630315 0.03637439730991588 0.03704076145032545
1 0.36790212401461686 0.3442940772690287 0.025831173453800746 0.032569769696112444
1 0.39869780654896614 0.30696736110924805 0.028606477281289528 0.03820331352241496
1 0.41537683274091913 0.3033183502691653 0.009532663749631276 0.04054166548640433
1 0.47201367848753945 0.34623760736997816 0.03617055450208298 0.035706652733136085
1 0.47866312818985995 0.2639690867088317 0.009003071319096237 0.022258169286653376
1 0.48819579193949125 0.36691311965960355 0.029127583679428862 0.024642973138794832
1 0.46629844039290624 0.32226729956248495 0.03190061259720082 0.03275269608303073
1 0.4243355309205056 0.31502667140406393 0.030488152737607094 0.041289475341064016
1 0.3716241459595316 0.3865453175962889 0.023574746564613207 0.036856978449519316
1 0.3570239131763928 0.37081241275836374 0.026866934534191672 0.026720878560875717
1 0.42782225485849323 0.3955307658853006 0.014298995624446913 0.03418218854736052
1 0.47257281523870676 0.3915560927983983 0.0317755458321042 0.027822711608316647
1 0.4693952606554962 0.4301104217413514 0.0158877729160521 0.04610620780806772
1 0.4404138440562684 0.33381601600371463 0.021900649841952457 0.02248587400878634
1 0.3991325936731515 0.3523776784400784 0.02929323203833562 0.029133070162947517
1 0.40578392701945953 0.3605163581315751 0.03311555745142982 0.03352546470898744
1 0.40715909083432783 0.3806576891135533 0.025994630292004075 0.029019213772163967
1 0.4535074877394441 0.36890045620305467 0.032834730693174274 0.017488561582370526
1 0.536380178625253 0.4385645364453321 0.04071342942253111 0.04039483292793818
1 0.5308279825975644 0.3987105043548226 0.021183697221402852 0.03577205778212142
1 0.538846402299638 0.38219610655380776 0.041023695960120676 0.039406920963992176
1 0.5554540306174451 0.4889355834275068 0.02595002909621834 0.03656699239950231
1 0.5641923057212739 0.4336876275195637 0.015887772916052173 0.04531127319068724
1 0.5165289869731174 0.4929102565144091 0.012710218332841727 0.044516338573306634
1 0.4874014032936887 0.471049554536446 0.01694695777712225 0.04531127319068718
1 0.5051427497166137 0.4066598505286273 0.02383165937407819 0.043721403955926205
1 0.4850182373562809 0.4229560101849272 0.013239810763376762 0.03974673086902384
1 0.5016827397271665 0.4391736390901472 0.03171019222736632 0.02763687457253454
1 0.5022299913486709 0.463497675671332 0.021183697221402405 0.025437907756175288
1 0.4812133590076645 0.5106009684896431 0.03846339774015405 0.03584440819032835
1 0.45721463475318963 0.48138370456239216 0.025420436665683298 0.040541665486404393
1 0.4487411558646285 0.4106345236155297 0.020124512360332778 0.043721403955926205
1 0.39583162114360965 0.4439014654446133 0.033226191648818286 0.03247121550113007
1 0.3322574437102967 0.42629946885621073 0.0275674907063123 0.026527673995813926
1 0.4121992781577087 0.42176360825885645 0.011651033471771577 0.04213153472116526
1 0.4353275123451887 0.433583232831802 0.04078105215118541 0.03945017946612097
1 0.4328533829485764 0.452766058336695 0.012710218332841727 0.03736192701688246
1 0.43126460565697117 0.4984747988360725 0.011651033471771577 0.044516338573306634
1 0.45191871044783893 0.5107962854054697 0.026479621526753604 0.03100245007783858
1 0.4790197438038211 0.5320575102789993 0.046356039157665375 0.044295844568945454
1 0.3363218905120034 0.4442262590952606 0.03218709573498771 0.0322374052614299
1 0.3572910598463734 0.4860655956591402 0.038490203718851174 0.03877355933950497
1 0.36987279241833143 0.4945475508631113 0.03793146853635307 0.03838669321043525
1 0.31349850844640137 0.46609244036109915 0.03522491529160792 0.0347472204177349
1 0.31040142174102636 0.4985545584777975 0.026372215131330277 0.026412291034476284
1 0.30479882192270774 0.4832202552812319 0.03181885851847259 0.03178192297644117
1 0.32065184198015134 0.46933280574329767 0.025959290547278045 0.02415324255764517
1 0.40214466557963324 0.491830543122012 0.03687492036942132 0.0361826284086807
1 0.41193448194244114 0.5334519220008135 0.028068398818358792 0.027027776990936222
1 0.40690335385235804 0.554120222052706 0.0360122852763848 0.023848038521414282
1 0.4574794309684572 0.5421962027919986 0.016417365346587137 0.022258169286653317
1 0.37283793508753604 0.5253750377088041 0.03573015789104879 0.03542831880417481
1 0.38590213695423464 0.5338734069927018 0.03817546157374892 0.03752403002022589
1 0.33444928450593403 0.5254763667020965 0.032478929997968746 0.034822277313583075
1 0.3522417219055407 0.5299228498124473 0.03104014840928528 0.04418383707635044
1 0.3382416257384321 0.5271421081546368 0.04028218627306689 0.046355772959110766
1 0.31965936208202556 0.5786105989155024 0.03239508798795548 0.032339523519137575
1 0.30336803368275156 0.6208947299126659 0.015358180485517025 0.03179738469521901
1 0.47469118496084706 0.5696214470916252 0.01694695777712225 0.05008088089497008
1 0.45138911801730386 0.5807505317349521 0.02118369722140268 0.045311273190687756
1 0.4225263305531425 0.5871100086739957 0.018535735068727514 0.0310024500778387
1 0.4121069164625386 0.5914106939119018 0.03930763216980253 0.04137839978998656
1 0.381747713401942 0.6125479164301708 0.015358180485517063 0.040541665486404276
1 0.3632119783332147 0.6344086184081341 0.01959491992979759 0.04928594627758954
1 0.3433522621881495 0.5815454663523324 0.0158877729160521 0.040541665486404393
1 0.3602992199652717 0.5735961201785276 0.0180061426381924 0.04372140395592633
1 0.3236375566185467 0.5890820026522565 0.028344117038728172 0.04527523187761517
1 0.5567780116937828 0.5720062509437664 0.024361251804613304 0.04531127319068718
