1 0.4446076580084917 0.44507877102794 0.033754708401075285 0.054275096866506375
1 0.4679763022861593 0.5704283995053474 0.044140772524483035 0.10855019373301264
1 0.44590591602391777 0.489015754205588 0.03981324580639648 0.06202868213315014
1 0.47446759236328917 0.4256948078613307 0.03462021374469263 0.10338113688858347
1 0.49221045190744417 0.48707735788892703 0.0389477404627792 0.07624358845533044
1 0.5380822351191616 0.5051690568444293 0.042409761837248455 0.07107453161090119
1 0.5653456534431074 0.4832005652556053 0.036351224431927266 0.055567361077613626
1 0.5566906000069342 0.42957160049465254 0.03635122443192717 0.056859625288720954
1 0.5242341496212848 0.4263409399668843 0.04067875115001377 0.06849000318868657
1 0.5199066229031982 0.3778810320503608 0.04933380458618689 0.06202868213315009
