1 0.39110518246739295 0.3039424055383484 0.02431919231686731 0.019664346912466917
1 0.4063046776654351 0.2864154876381061 0.03343888943569265 0.02393920493691632
1 0.4112445136047988 0.21075050060535272 0.02811906611637789 0.017099432097797393
1 0.4173243116840156 0.4001267110884587 0.025079167076769444 0.01966434691246697
1 0.44126351662093194 0.424065916025375 0.03495883895549683 0.015389488888017664
1 0.4114954075329449 0.44993824196214754 0.02736930293777883 0.01964219370319036
1 0.4367412300703788 0.4480801966118457 0.022178573070269044 0.020173063803276596
1 0.42352846313489934 0.46798782536507927 0.019347265869809206 0.012210012301983195
1 0.4405163063376586 0.4683859779401439 0.011797113335249392 0.016191538052629843
1 0.44641486300528344 0.5113864560471284 0.026425533870958806 0.019376758653147266
1 0.46786664171530423 0.5626372577738035 0.02871724057566365 0.017349999514463425
1 0.5044137620207646 0.6448882209892669 0.01758842351800832 0.013995666275000523
