1 0.7185782702718774 0.3451286375764766 0.09550723845385715 0.052254885120895454
1 0.5861188264638489 0.35270180933312795 0.09891821125578035 0.050740250769565405
1 0.4570703554577446 0.3561097366236208 0.11142511152950045 0.05604147099922201
1 0.3382548028574107 0.3822371791840686 0.08527432004808694 0.0628573255802069
1 0.3860084220843392 0.4428225532372811 0.07845237444423984 0.05074025076956516
1 0.19726792704457388 0.5367298830197598 0.06708246510449484 0.059828056877546915
1 0.38316594474940296 0.5617213498167098 0.10232918405770405 0.0628573255802075
1 0.4798101741372346 0.5200689051551265 0.07731538351026528 0.06134269122887719
1 0.6543382825023187 0.482960363547534 0.08300033818013784 0.058313422526216845
1 0.032972737085260204 0.6389677017345553 0.06367149230257142 0.0628573255802075
1 0.039226187222119895 0.7362829588075283 0.06708246510449489 0.07270244886385269
1 0.5798653763269895 0.6472981906668722 0.07049343790641804 0.05831342252621696
1 0.5110774248215332 0.7843725994622643 0.08527432004808672 0.06588659428286821
1 0.5792968808600022 0.8657841958462688 0.08754830191603498 0.06512927710720423
