1 0.5273690639026403 0.6650060528618239 0.047204351076081605 0.07609901639671271
1 0.5221241360052988 0.5036236560205197 0.08100499752562323 0.10846296589876231
1 0.4789991732938159 0.4060944568454222 0.04953543014156713 0.08134722442407219
1 0.515130898808842 0.287572425560887 0.055363127805282054 0.08921953646511177
1 0.4586022314708178 0.28013746418879437 0.05186650920705255 0.0656026003419937
1 0.39595448158589486 0.3098773096771649 0.050118199907938824 0.09009423780300485
1 0.3907095536885523 0.20622520113681472 0.044290502244224685 0.08397132843775199
1 0.3592399863044982 0.11962976868538347 0.03263510691679766 0.06822670435567343
1 0.45364868845666145 0.15111901684954065 0.03613172551502609 0.0787231204103921
1 0.48978041397168653 0.13974789945692795 0.054780358038909495 0.09621714716825741
1 0.5766131091610217 0.12356592470590262 0.04312496271148191 0.0778484190724992
1 0.4419932931292335 0.46994765451162945 0.013986474392913024 0.04286036555676924
1 0.4270164733083906 0.06605817395547976 0.052813510077406055 0.06286915866107727
1 0.45645848754694535 0.03189015294402472 0.05342056191737627 0.06378030588804944
