1 0.626498478189378 0.07686769333001267 0.08527432004808247 0.02802073549961088
1 0.5963682184390556 0.12003477234292628 0.059123528566674154 0.05376951947222592
1 0.2558394337136966 0.3760079777177475 0.04434264642500506 0.059828056877546894
1 0.5616899949528343 0.23136039716570359 0.07390441070834186 0.05679878817488633
1 0.6020531731089274 0.22908844563870773 0.03865769175513506 0.06588659428286894
1 0.6719781155483581 0.34457931492764243 0.03524671895321249 0.057556105350548926
1 0.8476432148474182 0.5622706724655426 0.0341097280192346 0.045439030539909046
1 0.8789104655317168 0.6603432467141798 0.030698755217311198 0.03710854160759242
1 0.6492382968688694 0.7084328873689161 0.032972737085261106 0.053012202296562026
1 0.6441218376659847 0.7387255743955228 0.031835746151285614 0.02726341832394539
1 0.5486145992121276 0.5713584785735244 0.05684954669872443 0.05301220229656057
1 0.48664859331051785 0.5899127493773206 0.06026051950064798 0.05831342252621659
1 0.5440666354762297 0.5955926281948093 0.04547963735897967 0.04240976183724854
1 0.503134961853148 0.6398956829712206 0.04547963735897952 0.03710854160759242
1 0.5395186717403317 0.6149042161742706 0.040931673623081706 0.02802073549961059
1 0.5554365448159746 0.6470901961400396 0.05684954669872443 0.04846829924256955
1 0.5400871672073186 0.703510325727092 0.05571255576475094 0.0598280568775488
1 0.59750520937303 0.6966944711461056 0.04093167362308288 0.04922561641823711
1 0.9147256799519057 0.8629255912046068 0.0341097280192459 0.04998293359390104
1 0.3706755180451167 0.971979264500386 0.042068664557057864 0.033321955729270575
1 0.4207031191399976 0.9765231675543805 0.06708246510449485 0.04695366489123935
