1 0.5169354838709678 0.7814769975786925 0.07903225806451611 0.11016949152542374
1 0.49677419354838703 0.9430992736077483 0.11290322580645158 0.1138014527845036
1 0.42258064516129035 0.6440677966101694 0.08064516129032258 0.12590799031476999
1 0.5048387096774194 0.677360774818402 0.07096774193548387 0.0835351089588378
1 0.5419354838709676 0.6113801452784504 0.05161290322580645 0.07506053268765134
1 0.557258064516129 0.5302663438256658 0.07580645161290323 0.08232445520581116
1 0.5846774193548387 0.4479418886198547 0.08870967741935484 0.09927360774818401
1 0.5403225806451613 0.33171912832929784 0.0967741935483871 0.08958837772397095
1 0.5612903225806452 0.21852300242130757 0.07741935483870968 0.10290556900726396
1 0.6491935483870968 0.286319612590799 0.06612903225806452 0.11501210653753027
