1 0.5776753364824542 0.7511430621001974 0.05189518389204075 0.030752211685738464
1 0.5521829654477675 0.7726696102802144 0.05735783482804511 0.030068829203833213
1 0.48617593330438225 0.6547861321515505 0.05098474206937343 0.043053096360033793
1 0.6682642978378588 0.548861847456229 0.06008916029604725 0.06355457081719289
1 0.8553600923960057 0.680412975222999 0.050074300246706116 0.0656047182629087
1 0.9281954382093963 0.5703883956362459 0.05553695118271019 0.042369713878128545
1 0.1966554336961546 0.5925983262981681 0.0509847420693734 0.051253686142897485
1 0.2949831505442319 0.5170845620476324 0.04916385842403867 0.042369713878128545
1 0.4497582603976869 0.48189036422950965 0.0728353458133906 0.047153391251465636
1 0.29452792963289826 0.48052359926569904 0.06464136940938413 0.040319566432412655
1 0.1957449918734872 0.41765241093041156 0.04916385842403863 0.051253686142897485
1 0.21714037470617073 0.407401673701832 0.0555369511827103 0.05672074599813984
1 0.08876807771006978 0.27790069338077783 0.08831285679873609 0.07243854308196168
1 0.23125222295751516 0.26218289629695596 0.07283534581339059 0.058770893443855755
1 0.2558341521695345 0.3216371722227169 0.06191004394138202 0.04510324380574971
1 0.5057504324917309 0.2618412050560033 0.0719249039907232 0.05808751096195043
1 0.5612873836744412 0.26115782257409803 0.07738755492672755 0.05808751096195043
1 0.5872349756204617 0.24133973059884434 0.09104418226673823 0.0826892803105412
1 0.5331911490269262 0.20438582288981544 0.0630134994304549 0.08550071584109967
