1 0.36072035482982856 0.08971786913693723 0.20081339341042 0.17943573827387446
1 0.7140031765703823 0.3299302284390595 0.15866737257119604 0.14884070455897422
1 0.6129766854410661 0.5254903763734895 0.2070113376514823 0.09178510114470072
1 0.4611270515350386 0.5110197523191448 0.20329257110684495 0.13726420531549846
1 0.3427463165307478 0.5263172691765948 0.18221956068723302 0.09013131553848992
1 0.16672470008457707 0.5168080019408826 0.140073539848009 0.10914985000991438
1 0.3464650830753851 0.9115224700677207 0.15246942833013377 0.11741877804096855
1 0.7047062602087888 0.8767929723372936 0.21940722613360708 0.1289952772844443
1 0.9030404759227837 0.9140031484770372 0.10784422979448474 0.09922713637264952
1 0.6272319571955094 0.9743663231037322 0.13635477330337153 0.051267353792535546
1 0.43137691917793924 0.7287791605814248 0.1165213517319721 0.09922713637264938
1 0.322293100535242 0.7200967861488179 0.1437923063926464 0.07524724508259246
1 0.16672470008457713 0.6212830961777212 0.11032340749090976 0.12238013485960103
1 0.21940722613360705 0.6250041137916955 0.11652135173197208 0.09178510114470065
1 0.4803406786823318 0.5894477232581629 0.1326360067587342 0.09178510114470072
1 0.3154753618700734 0.5977166512892169 0.12271929597303446 0.10832295720680887
1 0.504512661222475 0.6746176819780203 0.20329257110684495 0.09343888675091151
1 0.3105170064772235 0.6576663795143592 0.09048998591951021 0.08434306591675222
