1 0.14970059880239522 0.05026929982046679 0.16526946107784435 0.10053859964093358
1 0.27365269461077846 0.1570915619389587 0.15449101796407186 0.21723518850987433
1 0.31676646706586825 0.09605026929982047 0.15928143712574852 0.19210053859964094
1 0.3820359281437126 0.10412926391382404 0.1317365269461078 0.1867145421903052
1 0.3898203592814371 0.26840215439856374 0.1497005988023952 0.20646319569120286
1 0.4994011976047904 0.31867145421903054 0.08862275449101796 0.22082585278276481
1 0.5341317365269461 0.2621184919210054 0.07904191616766469 0.20107719928186715
1 0.6173652694610778 0.27917414721723516 0.13532934131736526 0.17055655296229802
1 0.6251497005988024 0.4210053859964093 0.16766467065868262 0.22082585278276481
1 0.7497005988023951 0.5888689407540394 0.11017964071856287 0.21903052064631956
1 0.8047904191616765 0.5951526032315979 0.10059880239520957 0.19210053859964094
1 0.7041916167664671 0.8689407540394973 0.14131736526946106 0.22262118491921004
1 0.5820359281437125 0.9335727109515262 0.14131736526946106 0.1328545780969479
1 0.8562874251497006 0.8985637342908439 0.15808383233532938 0.18850987432675045
